16 114 1766
000000000000000
000000000000000
000000000000000
000000000000000
000000000000000
000000000000000
000000000000000
000000000000000
000000000000000
000010000000000
000010000000000
000010000000000
000010000000000
000010000000000
000010000000000
000010000000000
0000000000000000
0000000000000000
0000000000000000
0000000000000000
0000000000000000
0000000000000000
0001111111111111
0000000000000000
0000000000000000
0000000000000000
0000000000000000
0000000000000000
0000000000000000
0000000000000000
0000000000000000
3 10
2 13
0 11
14 12
4 2
5 8
3 15
11 12
5 11
11 14
8 6
13 9
15 2
0 15
6 11
14 4
9 11
4 1
2 6
10 5
5 9
0 9
11 13
11 15
6 6
15 4
15 5
2 15
12 15
7 15
2 0
2 2
7 12
9 8
5 15
10 1
7 13
7 8
12 11
3 12
14 15
4 12
14 2
3 2
11 5
2 7
9 5
3 7
5 0
5 14
9 13
10 12
7 6
15 10
14 9
0 12
2 14
6 3
14 7
15 15
12 0
8 0
12 12
9 3
4 15
4 10
2 1
15 6
7 9
14 14
5 2
7 2
10 6
1 10
4 11
12 4
6 15
0 8
1 7
3 5
1 8
12 6
1 15
9 4
15 0
7 3
3 9
6 2
4 14
8 8
14 6
0 5
11 3
3 6
9 7
13 1
9 1
5 1
11 7
0 1
2 3
9 10
4 0
9 9
8 15
5 12
2 11
2 4
1 12
10 3
10 9
8 13
11 8
1 6
