18 89 2230
00000000100000000
00000000100000000
00000000100000000
00000000100000000
00000000100000000
00000000100000000
10000000100000000
10000000100000000
10000000100000000
10000000000000000
10000000000000000
10000000000000000
10000000000000000
10000000000000000
00000000000000000
00000000000000000
00000000000000000
00000000000000000
000000000000000000
000000000000000000
000000000000000000
000000000000000000
000000000000000000
011111111000000000
000000000000000000
000000000000000000
000000000000000000
001111111111111111
000000000000000000
000000000000111111
000000000000000000
000000000000000000
000000000000000000
000000000000000000
111111111111111100
12 16
2 8
7 6
12 17
14 6
11 16
14 17
15 8
3 5
1 7
16 14
11 3
9 2
17 15
5 2
1 12
11 17
17 2
1 17
13 8
8 6
2 7
6 15
11 1
15 13
17 8
2 17
3 14
13 2
7 16
7 10
4 1
15 10
15 5
5 9
8 14
12 9
7 13
9 14
11 9
6 13
9 11
12 14
11 11
3 1
17 6
7 4
7 8
0 11
10 6
16 0
13 15
10 11
12 12
1 8
1 10
5 17
2 15
14 16
16 7
12 5
10 10
10 5
13 3
6 14
1 3
15 12
6 2
0 14
14 1
1 1
16 5
9 16
17 7
16 8
5 6
13 4
2 5
5 4
16 10
10 16
6 9
9 8
0 13
16 13
10 1
11 5
13 5
7 7
