13 147 1487
100000000000
100000000000
100000000000
100000000000
100000000000
100000000000
100000000000
100000000000
100000000000
100000000000
100000000000
000000000000
000000000000
0000000000000
0000000000000
0000000000000
0000000000000
0000000000000
0000000000000
0111000000000
0000000000000
0000000000000
0000000000000
0000000000000
0000000000000
6 12
3 1
5 11
1 5
7 9
8 12
6 5
9 1
9 6
5 4
4 4
12 9
4 0
0 10
3 11
10 1
10 10
8 4
4 7
3 5
8 0
7 7
0 11
11 6
6 6
6 10
8 10
1 3
1 12
6 2
9 12
6 9
2 2
5 5
10 11
7 10
10 5
6 4
5 7
4 9
3 10
2 9
11 2
9 10
5 3
2 7
7 2
12 6
2 11
4 2
12 8
2 6
1 6
11 7
7 4
11 9
9 4
4 8
5 9
1 9
10 7
9 11
9 5
5 8
10 0
12 0
0 12
8 6
2 8
2 10
6 3
8 1
9 2
0 6
3 8
3 12
10 12
0 7
8 9
5 6
6 8
12 3
3 4
11 8
12 7
6 0
0 0
10 9
8 8
11 1
12 10
4 6
7 8
1 2
6 11
0 2
5 10
12 2
7 0
9 3
3 7
4 11
4 5
12 5
1 0
11 10
8 7
6 1
0 3
1 8
8 11
1 4
1 10
3 6
3 3
10 2
11 4
7 11
4 12
8 5
8 3
12 11
11 12
3 0
9 8
1 1
0 4
7 12
9 9
7 1
4 1
7 3
11 5
12 1
5 12
2 12
3 9
4 10
0 1
10 4
12 4
1 11
3 2
11 3
2 3
10 3
1 7
