18 180 4377
00000000000000000
00000000000000000
00000000000000000
00000000000000000
00000000000000000
00000000000000000
00000000000000000
00000000000000000
00000000000000000
00000000000000000
00000000000000000
00000000000000000
00000000000000000
00000000000000000
00000000000000000
00000000000000000
00000000000000000
00000000000000000
000000000011111111
000000000000000000
000000000000000000
000000000000000000
000000000000000000
111111111100000000
000000000000000000
000000111111111111
000000000000000000
000000000000000000
111111110000000000
000000000000000000
001111111111111111
000000000000000000
000000000000000000
000000000000000000
000000000000000000
13 4
6 13
11 13
2 11
12 14
6 4
13 12
9 8
1 9
17 2
9 14
16 10
14 12
5 13
11 0
16 1
13 2
0 3
9 11
11 14
4 5
17 8
4 0
10 7
16 6
8 0
11 11
16 3
17 14
16 15
11 12
8 4
15 10
14 4
8 11
4 3
0 8
3 9
8 1
8 15
7 7
7 0
10 17
15 15
8 7
0 13
8 6
4 10
13 1
10 11
6 10
7 1
13 7
4 7
0 14
5 4
17 15
7 12
5 1
2 16
8 10
10 14
17 10
6 3
10 3
4 8
5 3
6 9
0 15
15 16
8 8
8 2
0 10
15 5
2 15
1 14
5 12
10 1
14 5
0 12
5 11
14 3
5 7
14 7
2 7
7 3
14 13
4 16
14 9
9 13
16 11
0 17
13 3
10 15
12 16
4 9
17 13
8 5
9 0
3 14
15 12
6 14
13 14
1 15
5 10
3 16
17 17
4 15
13 17
6 7
17 5
2 13
12 1
3 4
17 11
5 0
11 5
8 3
16 5
15 6
13 6
5 2
15 11
0 5
8 17
8 9
6 2
0 0
13 8
10 9
9 2
0 1
6 16
10 4
15 1
7 4
3 3
16 2
14 14
7 9
15 0
3 1
14 6
12 17
6 0
2 17
5 15
12 0
12 4
11 7
13 5
9 17
7 16
9 5
17 0
12 2
4 13
3 2
12 9
11 3
0 7
6 15
10 10
14 2
1 7
2 0
9 4
2 6
1 13
1 3
5 8
12 10
4 14
2 4
2 3
3 6
16 9
5 14
14 0
9 16
