15 148 3526
00001000100000
00001000100000
00001000100000
00001000100000
00001000000000
00001000000000
00001000000000
00001000000000
00001000000000
00001000000000
00000000000000
00000000000000
00000000000000
00000000000000
00000000000000
000000000000000
000000000000000
000000000000000
000000000000000
000000000000000
000000000000000
000000000000000
000000000000000
000000000000000
000000000000000
111111110000000
000000000000000
000000000000000
000000000000000
4 8
6 3
8 5
1 5
10 11
14 0
0 14
9 13
10 3
11 0
6 0
3 11
10 10
2 2
11 11
7 0
10 6
14 10
8 11
2 3
14 13
2 5
0 12
6 1
9 2
8 13
14 9
5 9
1 0
1 10
12 3
8 12
0 9
8 10
10 5
5 0
2 10
4 14
1 3
7 6
2 8
3 0
11 1
12 1
4 0
8 8
8 4
6 11
1 14
3 13
9 4
10 9
12 12
12 2
5 1
11 4
7 12
13 0
4 13
5 8
3 9
11 13
11 5
13 3
7 5
12 9
1 7
3 8
4 11
12 6
13 4
8 2
2 1
3 1
14 8
4 4
13 14
7 9
1 4
5 14
0 8
9 8
6 13
0 4
9 3
0 3
13 7
1 6
4 9
13 11
6 8
11 6
8 0
5 7
9 11
3 2
4 6
11 3
2 11
5 13
13 2
5 4
13 12
14 3
4 5
7 2
14 7
13 8
11 8
3 14
7 4
2 4
0 13
0 0
7 10
12 11
14 2
14 14
5 3
5 10
11 14
2 0
2 12
14 1
9 14
6 14
8 14
8 9
1 12
13 13
0 7
2 13
2 14
1 1
7 1
3 4
14 4
13 10
11 2
11 7
0 10
6 6
2 7
6 10
10 2
9 9
14 11
14 5
