16 241 5429
010000000000100
010000000000100
010000000000100
010000000000100
010010000000100
010010000000100
010010000000100
010010000000100
010010000000100
010010000000100
010010000000100
010010000000100
010010000000100
010010000000000
010010000000000
000010000000000
0000000000000000
0000000000000000
0000000000000000
0000000000000000
0000000000000000
0000000000000000
0000000000000000
0000000000000001
0000000000000000
0000011111110000
0000000000001000
0000000000000000
0000000000000000
0000011111000000
0000000000000000
12 8
6 1
3 15
1 0
0 7
3 4
2 12
15 3
1 3
0 15
1 5
12 2
7 15
7 11
15 0
4 6
0 3
15 2
2 3
8 7
2 7
6 14
3 13
10 13
11 8
11 3
13 11
1 12
2 10
13 13
0 5
3 14
13 10
10 5
0 9
1 6
4 3
0 6
11 7
11 11
15 13
0 11
2 0
7 8
0 10
4 5
5 7
6 9
7 9
5 14
1 10
13 4
7 13
1 2
7 5
6 4
3 5
8 11
11 10
12 13
5 6
6 6
8 8
2 2
12 15
2 4
15 8
3 2
10 0
5 15
11 2
1 1
12 1
8 15
6 8
11 9
5 2
9 12
14 4
10 1
3 9
2 14
10 12
14 10
0 0
0 8
5 4
6 0
3 10
10 7
3 12
11 14
13 0
8 3
12 14
14 2
1 8
5 10
8 10
12 4
5 1
6 13
12 0
10 6
11 1
4 13
0 2
2 8
1 7
6 7
0 12
7 2
14 13
14 0
15 14
1 14
10 8
7 1
12 7
1 11
9 10
4 15
11 5
9 1
9 3
3 1
2 15
13 2
11 4
8 2
5 5
6 2
14 5
7 0
5 8
7 4
11 15
9 8
13 15
0 4
9 2
12 11
7 3
10 9
14 3
5 3
0 14
5 11
10 2
12 5
3 11
6 15
9 4
8 14
8 1
15 5
10 14
6 5
10 15
15 11
4 4
7 7
4 8
14 8
7 10
4 10
3 3
15 9
9 7
14 1
8 5
14 9
5 9
1 9
11 6
14 6
2 13
6 10
14 12
15 4
3 7
14 15
9 13
3 8
14 11
7 14
15 10
15 12
2 6
4 14
9 14
15 15
4 9
13 9
10 4
10 3
10 11
9 9
4 11
13 7
4 7
12 6
13 3
3 6
9 15
6 11
13 12
8 13
14 14
0 13
7 12
4 12
15 1
12 9
8 4
5 12
0 1
11 13
8 12
6 12
8 6
1 13
3 0
4 0
1 15
13 5
14 7
7 6
10 10
9 5
2 1
13 14
5 0
11 0
6 3
11 12
15 6
9 0
12 3
12 12
1 4
