20 378 16335
0000000000000000000
0000000000000000000
0000000000000000000
0000000000000000000
0001000000000000000
0000000100000000100
0010000100010000100
0010000100010000100
0010000000010000000
0010000000010000000
0010000000010001000
0010000000010001000
0010000000010000000
0010000000010000000
0010000000010000000
0010000000010000000
0000000000010000000
0000000000010100000
0000000000010100000
0000000000010100000
00000000000000000000
00000000000000111111
00000000000000000000
11111111111100000000
00000001111111111111
11111000000000000000
00000000000000000000
00000000000000000000
10000000000000000000
00000000000000111111
00000000000000000000
00000000000000000000
00000000000000000000
00000000000001111111
00000000000000000000
00000000000000000000
00000000000000000000
00000000000010000000
00000000000000000000
14 14
17 8
11 12
4 9
14 19
1 5
14 10
19 15
10 12
6 2
5 10
15 3
5 9
11 6
0 13
9 18
12 0
2 1
17 7
15 19
1 17
5 16
5 13
16 18
4 0
10 7
7 16
4 6
16 7
9 0
3 5
16 11
5 12
8 11
8 14
8 2
14 7
4 2
3 7
17 1
0 11
6 11
18 19
19 19
12 7
19 9
16 16
15 16
1 16
16 9
17 12
19 14
16 14
4 10
0 3
4 11
12 17
12 8
10 11
19 6
7 0
3 3
6 14
11 7
5 17
17 5
11 17
0 12
2 11
14 3
12 12
6 4
14 11
9 9
18 11
14 6
9 16
13 13
17 14
11 10
3 12
15 10
2 5
2 3
7 12
3 15
6 19
12 19
19 0
4 3
18 13
8 10
0 10
5 8
2 18
11 16
15 9
3 13
5 5
12 3
4 12
17 15
19 4
13 15
12 1
18 12
7 14
18 18
4 8
5 4
8 18
8 8
2 9
10 19
9 13
8 7
6 15
13 12
3 2
11 3
6 5
4 19
3 14
16 17
5 19
2 14
5 2
16 8
5 7
7 4
2 7
19 12
17 9
3 1
16 0
12 14
7 2
18 3
14 16
1 0
5 14
15 8
11 1
10 15
1 15
17 3
16 1
16 15
14 13
3 6
4 5
2 19
9 7
10 2
3 9
2 16
19 18
8 12
3 11
10 10
17 16
4 17
10 17
9 17
13 0
9 6
10 8
8 3
11 15
4 13
7 17
10 9
8 9
10 16
3 17
13 14
2 8
14 8
2 13
11 13
13 17
7 9
16 13
1 4
8 16
0 9
14 12
11 5
9 3
19 7
15 2
0 8
17 18
16 5
10 3
2 10
15 12
18 0
5 3
6 18
18 10
12 16
3 19
11 18
12 5
6 16
9 4
15 15
2 6
1 9
15 7
17 2
11 9
15 4
18 8
5 15
16 12
0 15
1 18
4 4
14 18
17 4
1 13
0 16
11 19
15 13
13 19
12 2
13 16
8 15
18 7
7 11
1 14
15 17
0 7
18 5
18 6
0 5
8 6
15 18
19 5
15 5
13 2
7 18
14 17
13 11
8 17
0 18
8 4
8 13
1 2
13 7
0 2
12 9
12 15
11 11
7 19
1 1
11 8
6 13
9 2
3 8
7 15
2 12
13 4
10 18
10 6
0 17
3 4
8 19
11 2
13 6
14 0
6 1
5 1
15 14
2 15
8 5
19 2
17 11
1 10
1 8
11 0
18 1
11 14
18 14
12 4
12 6
19 10
1 11
16 3
18 9
15 0
0 14
7 13
9 11
4 15
9 10
13 1
19 3
4 7
19 13
7 5
7 1
6 12
4 14
11 4
6 10
4 16
10 13
17 19
0 19
19 16
4 18
13 3
16 19
7 8
10 4
14 4
10 0
12 13
15 11
18 17
2 17
13 9
1 3
6 0
6 3
12 18
14 1
0 0
19 8
16 10
18 2
3 16
6 8
5 6
3 0
16 2
0 1
15 1
17 17
6 9
13 5
18 16
6 6
4 1
0 4
6 17
7 7
9 14
17 13
19 11
19 17
3 18
9 8
19 1
2 4
17 6
8 1
2 0
10 1
14 5
1 6
5 11
3 10
6 7
9 15
8 0
15 6
17 10
14 2
13 8
16 4
13 18
18 15
14 15
9 19
