20 114 3345
0000000000000000000
0000000000000000000
0000000000000000000
0000000000000000000
0000000000000000000
0000000000000000000
0000000000000000000
0000000000000000000
0000000000000000000
0000010000000000000
0000010000000000000
0000010000000000000
0000010000000000000
0000010000000000000
0000010000000000000
0000010000000000000
0000010000000000000
0000010000000000000
0000010000000000000
0000010000000000000
00000000000000000000
00000000000000000000
00000000000000011111
00000000000000000000
00000000000000000000
00000000000000000000
00000000000000000000
00000000000000000000
00000000000000000000
00000000000000000000
00000000000000000000
00000000000000001111
00000000000000000000
00000000000000000000
00000000000000000000
00000000000000000000
00000000000000000000
00000000000000000000
00000000000000000000
10 7
13 1
19 7
7 9
19 18
15 4
12 15
7 8
9 10
8 12
19 9
18 8
7 14
4 19
6 12
3 9
8 3
3 11
19 3
11 13
2 19
5 14
7 15
8 19
8 2
12 2
9 3
13 5
11 10
4 9
1 18
9 8
2 14
18 13
7 3
19 1
10 9
11 11
14 13
5 11
6 0
18 15
3 4
19 2
17 0
10 2
13 11
11 2
17 16
7 12
14 6
6 8
12 12
0 0
12 6
16 17
2 10
5 18
5 12
7 6
1 1
5 16
7 13
18 2
8 6
17 12
8 15
13 9
19 15
6 3
18 19
8 9
8 5
18 3
0 15
7 4
3 3
0 7
10 13
19 11
0 10
14 9
7 16
8 1
17 18
13 19
3 19
16 3
10 12
9 7
19 12
11 15
10 19
16 0
0 4
18 16
2 3
3 1
15 10
10 3
5 17
9 5
0 3
11 4
11 14
13 4
16 8
1 19
14 15
19 4
5 8
17 1
4 1
18 14
