14 144 4617
0000000000000
0000000010000
0000000010000
0000000010000
0000000010000
0000000000000
0000000000000
1000000000000
1000000000000
1000000000000
1010000000000
1010000000000
1010001000000
1010001000000
00000000000000
00000000000000
00000000000000
11111111000000
11111111110000
00000000000000
00000111111111
01111111110000
00000000000000
00000000000000
00000000000000
00000000000000
00000000000000
4 13
0 13
6 4
13 1
6 11
13 0
7 10
3 3
13 8
7 6
9 7
10 3
13 4
0 10
11 1
13 10
8 8
12 7
1 8
4 3
0 9
9 11
7 5
1 11
8 12
8 10
2 12
3 9
3 6
3 10
6 10
8 2
3 2
4 10
0 5
6 13
3 0
2 0
2 8
6 5
0 12
12 9
11 10
10 2
12 8
3 7
10 9
7 3
10 6
1 1
5 8
10 0
3 8
6 8
4 8
10 10
9 4
8 13
0 8
0 7
8 11
11 11
2 11
13 7
10 13
4 0
8 3
3 13
1 10
13 3
4 11
6 9
13 9
9 9
9 10
7 12
13 6
7 8
3 11
9 1
11 5
1 4
12 0
11 2
12 1
9 12
4 5
4 12
5 11
8 5
5 0
2 5
5 1
0 11
6 2
1 0
13 2
9 13
8 7
13 5
8 6
11 0
5 12
3 1
7 0
5 4
11 13
7 11
13 11
5 7
9 0
5 6
6 12
13 12
6 1
5 9
9 3
7 2
11 6
11 12
9 6
3 12
8 0
2 6
5 13
10 8
12 12
5 5
5 2
2 10
12 11
1 2
0 1
12 13
6 7
6 0
1 7
11 7
1 13
5 10
3 5
5 3
11 9
1 6
