15 207 4096
00000000100001
01000000100000
01000100100000
01000100100000
00000100110000
00000100110000
00000100110000
00000000010000
00000000100000
00000000100000
00000000100000
00000000000001
00000000000001
00000000000000
00000000000000
111110000000000
000000000000000
000000000000000
000000000000000
000000000000000
000000000000000
111111000000000
111111111110000
000000000000000
000000000000000
000000000000000
000000000000000
000000001111111
111111111000111
9 13
10 11
14 3
12 1
0 5
14 9
9 7
12 2
4 12
8 13
10 1
5 4
2 6
10 10
2 9
4 1
6 8
0 9
2 0
0 14
4 6
13 11
10 5
2 12
14 0
12 13
14 1
13 3
8 12
4 14
14 5
5 12
3 8
13 2
3 2
14 8
5 5
3 13
3 10
13 7
7 5
4 7
0 10
14 4
12 11
14 7
5 8
13 14
0 3
5 14
2 14
6 9
8 10
11 13
10 3
11 8
8 1
9 4
0 11
13 10
13 0
4 13
12 14
2 2
8 2
6 14
6 0
9 14
2 4
10 9
4 0
1 11
8 4
2 1
11 7
7 13
10 12
4 10
8 14
5 2
0 4
1 12
11 10
8 0
1 9
3 4
14 10
1 14
0 0
8 9
5 9
1 0
9 5
7 12
5 6
12 5
9 8
0 13
0 1
8 5
13 5
6 1
4 5
3 12
5 1
6 2
12 9
8 3
3 6
5 13
11 0
5 11
12 0
10 14
0 8
4 8
14 11
1 10
7 0
1 6
1 2
11 2
6 12
7 8
4 3
5 3
13 1
7 9
9 2
3 14
14 13
7 10
3 9
9 3
14 2
12 3
10 13
9 0
7 6
7 1
2 10
13 8
2 13
8 11
9 11
12 8
2 7
11 3
5 10
11 12
13 4
0 6
12 4
1 1
1 13
8 8
8 6
9 1
3 1
9 6
2 5
13 6
0 7
5 7
6 4
10 4
6 6
9 9
10 6
7 14
4 11
8 7
1 4
11 1
2 3
7 4
0 2
14 12
0 12
14 14
13 13
10 7
12 6
11 6
1 7
2 8
12 12
11 14
6 13
9 12
3 3
11 4
7 3
6 3
2 11
4 2
9 10
3 5
7 2
4 9
6 11
10 8
1 8
13 9
7 7
6 10
4 4
