15 97 3637
00000001000000
00000001000000
00000000000000
00000000000000
00000000001000
00000000001000
00000000000000
00000000000000
10100000000000
10100000000000
10100000000000
00100000000001
00000000000000
00010010000000
00010010000000
000000000000001
000000000000000
000000000000000
111111111111100
000000000000000
000000000000000
000000000000000
111111111111110
000000000000000
000000000001111
000011111111111
000111100000000
000000000000000
000000000000000
4 2
8 1
11 13
1 7
7 8
11 1
5 9
10 13
12 0
10 7
10 14
6 7
10 4
8 5
14 10
13 13
9 14
14 2
1 9
7 2
10 9
0 11
0 4
4 11
12 1
10 11
6 0
7 9
6 6
4 10
2 0
10 12
8 11
13 3
9 0
0 2
11 12
10 5
8 8
11 6
13 14
5 4
13 2
5 3
2 14
4 13
7 1
0 8
5 12
12 7
5 13
14 11
2 13
0 9
5 6
3 2
9 6
0 10
8 12
13 5
11 9
9 7
6 14
11 10
8 7
1 4
0 1
5 11
13 8
14 4
12 9
0 7
5 0
1 1
1 8
9 10
10 2
7 3
8 3
4 3
14 8
3 12
1 0
10 3
1 12
3 7
10 6
11 4
1 14
13 1
6 9
6 8
2 2
4 6
6 10
5 14
6 11
