19 332 11023
000000000000000001
000000000000000001
000000000000000001
010000000000000001
010000000000000001
010000000000000001
010000000000000001
010000000000000001
010000000000000001
010000000000000001
010000000000000001
010000000000000001
010000000000000001
011000000000000000
011000000000000000
011000000000000000
011000000000000000
011000000000000000
011000000000000000
1000000000001111110
0000000000111111110
0000000000000000000
0000000000000000000
0000000000000000000
0000000000000000000
0011111110000000000
0000000000000000000
0000000000000000000
0000000000000000000
0000000000000000000
0011111111111000000
0000000000000000000
0000000000000000000
0000000000000000000
0000000000000000000
0000000000000000000
0000000000000000000
4 8
10 17
6 15
5 12
14 18
11 7
17 8
13 11
3 5
8 4
7 9
12 17
18 18
2 16
13 4
0 18
7 15
15 5
9 9
9 6
17 9
10 6
12 10
13 8
6 18
5 6
1 1
3 4
1 12
4 4
16 13
8 10
10 2
15 8
2 8
1 4
7 6
5 5
8 16
4 11
16 4
18 17
4 6
6 13
7 8
1 5
15 2
5 4
12 8
10 1
15 11
7 5
2 4
13 0
0 3
15 15
2 13
4 10
14 2
15 17
3 14
6 9
11 1
17 6
14 1
11 5
16 18
6 4
4 17
1 16
11 9
15 4
18 7
6 5
11 11
1 8
7 4
15 12
14 17
17 7
8 7
5 8
0 15
5 13
12 5
7 7
11 12
3 16
16 7
18 5
2 2
14 4
10 8
7 3
0 1
1 17
10 13
9 11
4 7
13 5
16 1
9 16
2 17
14 7
4 12
8 13
17 11
6 3
9 15
3 13
14 10
17 5
9 0
8 0
16 10
13 2
14 3
4 18
8 2
15 7
2 10
10 9
5 0
6 16
9 2
12 2
16 16
16 9
16 12
13 3
18 8
15 6
17 17
9 3
0 12
8 1
5 17
17 15
9 7
7 1
15 10
9 13
1 10
13 16
15 13
0 10
3 17
12 18
13 17
5 11
18 15
8 11
1 2
4 16
9 17
16 15
3 18
14 15
2 5
8 12
3 2
1 6
14 11
11 8
11 17
1 3
13 12
11 16
4 2
13 13
2 6
15 16
17 10
17 12
16 14
8 14
14 12
18 12
10 15
2 14
6 17
11 0
0 9
10 18
12 6
3 11
4 15
17 18
12 16
10 5
10 7
15 14
17 4
3 10
4 5
3 9
2 3
9 14
0 13
3 6
5 9
8 8
0 14
0 8
18 1
11 3
0 6
8 15
11 4
17 0
4 3
10 4
3 3
13 14
5 2
3 8
12 13
4 14
6 10
2 1
10 12
12 7
2 18
1 13
7 17
16 2
10 11
7 10
14 6
9 1
14 14
4 0
5 14
18 3
9 8
0 0
3 12
8 5
14 9
12 1
9 12
6 6
5 15
17 1
3 7
11 14
13 9
1 7
1 11
18 2
5 10
7 11
18 6
6 14
3 1
12 4
8 9
7 0
18 4
0 16
1 14
8 18
17 16
12 15
8 17
16 5
11 13
4 1
11 15
10 14
7 2
15 1
16 17
3 0
16 11
14 8
12 11
2 12
13 6
14 16
0 4
4 9
0 5
3 15
13 7
12 12
6 12
13 10
18 10
18 13
2 7
6 7
2 9
12 14
9 18
2 15
6 11
9 10
13 1
6 8
6 0
17 13
7 16
5 16
13 15
18 9
1 9
18 16
11 6
10 16
0 7
16 3
1 15
5 3
12 0
15 3
7 12
2 11
0 11
17 3
14 0
16 8
15 0
2 0
11 18
9 5
16 6
17 2
10 3
14 5
12 3
8 3
