19 72 2255
000001000000010001
000001000000010001
000001000000010001
000101000000010001
000101000000010001
000101000000010001
000101000000010001
000100000000010001
000100000000010001
000100000000010001
000000000000010001
000000000000010001
000000000000010001
000000000000010001
000000000000010001
000000000000010001
000000000000000000
000000000000000000
000000000000000000
0000000000000000000
0000000000000000000
1111000000000000000
0000000000000000000
0000000000000000000
0000000000000000000
0000000000000000000
0000000000000000000
0000000000000000000
0000000000000000000
0000000000000000000
0000000000111100000
0000000000000000000
0000011111111100000
0000000000000000000
0000000000000000000
0000000000000000000
1111000000000000000
17 6
7 5
16 17
6 8
17 9
5 10
0 18
13 0
11 3
7 2
8 2
18 10
13 6
11 13
16 5
6 10
8 17
18 2
7 0
1 11
18 13
3 0
2 11
8 4
10 3
14 12
17 11
14 4
17 16
11 1
6 2
9 16
15 12
11 6
15 13
18 12
2 0
4 11
17 18
2 5
1 8
8 16
12 13
9 3
13 18
10 1
4 10
13 14
13 9
4 2
10 7
7 10
3 8
1 9
14 10
4 16
6 1
16 1
14 16
17 10
2 6
12 15
4 4
0 0
5 12
0 6
2 9
4 15
3 4
10 13
11 16
3 15
