16 134 2304
000000000010000
000000000000000
000000000000000
000000000000000
000000000000000
000000000000000
000000000000000
000000000000000
000000000000000
000000000000000
000000000000000
000000000000000
000000000000000
000000000000000
000000000000000
000000000000000
1111111110000000
0000000000000000
0000000000000000
0000000000000000
0000000000000000
0000000000000000
0000000000000000
0000000000000000
0000000000000000
0000000000000000
0000000000000000
0000000000000000
1111111111111110
0000000000000000
0000000000000000
1 11
5 9
2 10
3 10
0 5
14 12
0 14
5 7
3 9
5 1
2 13
13 10
4 3
9 13
5 11
4 11
7 9
9 7
5 6
4 1
6 7
6 2
10 12
10 7
15 6
10 3
9 4
1 2
3 5
0 3
11 5
8 15
14 0
1 10
7 4
10 8
7 5
10 5
11 6
9 3
3 11
5 14
13 15
0 6
13 7
4 12
1 5
1 13
13 12
3 1
13 5
0 0
5 2
15 4
12 6
8 0
3 8
6 0
10 15
10 4
6 9
4 8
0 7
7 6
15 15
9 1
11 8
15 0
6 4
14 9
8 3
0 9
14 2
8 9
7 13
7 0
10 9
11 13
3 7
9 0
15 1
4 5
1 9
4 4
11 9
14 13
13 4
9 5
8 8
14 6
0 1
1 15
5 3
6 5
13 6
2 0
6 3
15 3
12 0
2 2
8 4
4 7
1 3
4 13
0 10
12 13
12 3
1 12
12 5
11 15
3 6
2 15
12 10
7 11
5 10
2 11
14 7
3 12
15 13
12 4
6 15
14 15
6 8
3 0
4 0
2 1
13 14
4 6
14 10
13 1
11 2
9 14
10 10
2 5
