17 29 397
0000000000000000
0000000000000000
0000000000000000
0000000000000000
0000000000000000
0000000000000000
0000000000000000
0000000000000000
0000000000000000
0000000000000000
0000000000000000
0000000000000001
0000000000000001
0000000000000001
0000000000000001
0000000000000001
0000000000000001
00000000000000000
00000000000000000
00000000000000000
00000000000000000
00000000000000000
00000000000000000
00000000000000000
00000000000000000
00000000000000000
00000000000000000
00000000000000000
00000000000000000
00000000000000000
00000000000000000
00000000000000000
00000000000000000
10 12
5 14
6 0
10 10
10 14
0 3
10 4
14 7
3 7
15 10
0 9
5 5
12 10
3 14
6 15
15 0
7 7
11 11
11 4
9 16
14 4
16 6
6 7
2 1
14 15
5 3
15 4
2 15
0 12
