16 190 3451
000000000000000
000000000000000
000000000000000
000000000000000
000000000000000
000000000000000
000000000000000
000000000000000
000000000000000
000000000000000
000000000000000
000000000000000
000000000000000
000000000000000
000000000000000
000000000000000
0000000000000000
0000000000000000
0000000000000000
0000000000000000
0000000000000000
0000000000000000
0000000000000000
0000000000000000
0000000000000000
0000000000000000
0000000000000000
0000000000000000
0000000000000000
0000000000000000
0000000000000000
15 6
12 2
5 5
13 2
11 12
8 2
9 10
6 12
9 5
4 8
13 10
6 6
1 13
7 14
10 0
7 15
1 4
5 15
15 12
8 3
1 7
7 3
8 15
8 0
1 1
0 7
14 1
15 4
13 11
0 1
11 10
10 13
7 7
10 4
3 4
12 13
6 2
15 1
14 15
0 6
2 12
4 10
14 4
5 11
2 4
1 5
14 8
1 0
15 7
4 3
12 8
6 7
2 15
11 13
10 9
8 7
7 5
14 9
8 9
1 6
7 1
4 15
8 10
6 11
14 11
1 14
4 12
2 1
4 0
5 7
7 8
3 0
1 9
13 13
2 7
0 15
12 15
12 0
7 0
13 9
15 0
12 1
0 10
14 12
0 2
7 2
13 12
10 12
15 11
14 0
12 3
2 14
8 14
1 11
15 3
10 10
12 6
11 9
6 10
11 3
10 11
15 5
12 5
14 7
11 4
3 2
12 4
0 14
6 13
6 3
14 2
2 9
13 14
13 15
15 14
4 1
9 14
9 0
10 3
4 4
0 8
4 7
11 0
7 13
1 15
13 6
14 14
9 15
12 9
0 9
9 2
11 14
3 11
13 4
9 13
2 0
10 5
6 5
3 12
3 3
8 1
9 12
4 9
5 2
5 8
5 0
9 4
13 3
5 12
8 13
14 10
15 15
4 2
15 2
3 10
6 8
6 4
5 13
2 6
9 6
6 9
6 1
9 1
3 8
7 6
0 3
3 6
11 6
5 14
12 10
15 13
7 12
13 8
1 3
11 8
10 15
7 9
11 1
7 10
2 13
11 5
10 1
15 10
0 0
8 8
3 13
10 7
2 11
12 7
3 14
