18 89 1246
00000000000000000
00000000000000000
00000000000000000
00000000000000000
00000000000000000
00000000000000000
00000000000000000
00000000000000000
00000000000000000
00000000000000000
00000000000000000
00000000000000000
00000000000000000
00000000000000000
00000000000000000
00000000000000000
00000000000000000
00000000000000000
000000000000000000
000000000000000000
000000000000000000
000000000000000000
000000000000000000
000000000000000000
000000000000000000
000000000000000000
000000000000000000
000000000000000000
000000000000000000
000000000000000000
000000000000000000
000000000000000000
000000000000000000
000000000000000000
000000000000000000
14 11
10 2
15 17
9 14
14 5
15 8
12 2
16 8
12 1
1 12
16 12
9 12
14 14
8 17
3 9
16 11
0 15
4 14
10 5
7 2
13 8
12 17
11 17
2 6
7 10
4 7
2 8
0 2
0 14
3 11
13 11
2 16
4 17
0 16
4 16
8 0
0 12
3 17
16 5
11 11
8 9
7 8
14 1
14 9
2 4
6 16
2 10
17 7
9 11
12 16
3 1
16 14
11 4
7 15
13 12
7 9
17 8
6 14
2 17
0 4
5 0
12 13
15 3
1 8
11 12
0 11
3 12
11 9
8 8
17 14
13 15
17 0
9 7
3 6
9 0
7 7
4 2
12 11
0 17
6 1
12 6
1 5
6 3
6 15
7 3
2 9
7 13
10 8
1 6
