11 64 1024
0000001000
0000001000
0000001000
0000001000
0000001000
0010000000
0010000000
0010000000
0010000000
0010000000
0010000000
11110000111
00000000000
00000000000
00111110000
00000000000
00011111100
00000000000
00000000000
00000000000
00011111000
9 4
5 10
8 4
9 5
7 8
10 10
1 8
10 3
0 2
0 10
6 7
3 6
10 9
2 4
2 2
6 0
2 0
9 7
3 5
1 10
10 5
2 7
7 2
0 7
5 8
8 9
4 1
1 2
0 4
0 0
0 5
6 3
5 4
1 9
9 1
3 3
0 1
7 4
0 3
2 6
5 3
10 7
2 3
5 2
9 8
2 5
4 3
1 4
4 9
3 9
6 4
10 0
6 2
6 10
5 9
5 1
1 5
1 6
4 2
3 2
2 8
4 0
7 1
8 0
