18 280 6195
00000010000001000
00000010000001000
00000010000001000
00000000000000000
00000000000000000
00000000010000000
00000000010000000
00000000010000000
00000000010000000
00000000010000000
00000000010000000
00000000010000000
00000000010000000
01000000000000000
01000000000000000
00000000000000000
00000000000000000
00000000000000000
000000000000000000
000000000000000000
000000000000000000
000000000000000000
000011111100000000
000000000000000000
000000000000000000
000000000000000000
000000000000000000
000000000000000000
000000000000000000
000000000000000000
011111111111111111
000000000000000000
000000000000000000
000000000000000000
000000000000000000
4 5
8 1
15 7
0 8
11 13
8 5
9 17
8 15
4 1
13 13
6 8
9 13
1 16
13 16
2 6
2 1
8 10
15 12
2 8
0 14
10 9
14 12
1 4
12 7
14 17
7 17
9 15
5 3
16 14
12 14
5 13
5 6
14 6
10 6
0 1
9 7
0 6
4 16
3 0
6 17
0 16
6 1
5 10
3 12
6 7
17 0
8 3
13 2
12 6
3 17
5 15
7 15
15 5
16 16
17 17
13 7
11 8
2 13
7 0
10 12
12 17
16 7
7 11
15 13
8 11
10 11
3 2
6 15
15 10
7 1
14 14
8 8
8 0
10 13
16 3
14 8
4 17
2 0
3 13
11 2
5 7
8 12
13 10
7 7
1 11
14 11
9 0
13 6
12 8
12 11
0 12
17 6
5 12
15 3
1 5
2 12
13 14
1 9
10 7
15 15
6 6
12 4
4 2
2 16
9 12
12 12
2 4
2 17
6 9
6 10
13 3
11 4
13 0
9 1
13 8
8 9
11 0
17 9
11 9
4 14
15 14
8 13
4 12
7 3
1 7
14 3
11 3
12 16
16 5
8 17
0 11
9 14
14 7
4 9
16 1
2 9
1 3
1 6
4 10
17 11
4 13
12 1
2 5
11 5
1 10
13 12
17 16
7 14
7 16
1 1
17 4
7 2
11 16
15 4
10 5
9 11
2 11
9 8
10 14
2 3
1 17
9 3
14 10
8 4
0 7
17 15
11 12
17 3
16 8
6 2
8 7
15 1
12 15
7 8
11 15
13 5
0 13
4 7
5 1
2 15
1 14
6 5
10 17
8 6
2 2
7 13
9 16
7 6
17 1
4 3
2 14
13 15
4 8
5 2
3 5
16 10
5 9
5 8
3 7
17 12
16 0
3 1
5 0
9 9
4 4
9 2
3 15
3 3
17 10
0 3
0 17
1 15
4 15
4 11
10 16
11 7
14 5
13 17
4 0
5 11
10 10
0 10
0 2
17 13
8 2
5 16
7 10
6 4
3 10
7 12
12 2
16 12
3 8
15 17
13 11
3 16
1 2
10 1
17 8
3 6
14 9
5 14
13 1
15 6
10 4
12 13
7 9
14 15
6 3
9 4
1 0
8 14
11 11
15 11
0 9
14 4
12 10
11 14
16 13
11 1
3 4
7 5
16 17
13 4
10 3
3 9
10 15
5 4
3 14
14 2
0 5
16 9
15 0
9 6
15 8
6 16
9 5
6 12
10 0
12 9
