12 108 2077
00000000010
00000000010
00100000000
00100000000
00100000000
00100000000
00100000100
00100000100
00100000100
00100000100
00100000100
00100000100
000000000000
000000000000
000000000000
000000000000
000000000000
100001111000
000000000000
000000000000
000000000000
000000000000
000000000000
8 7
9 2
8 1
1 0
7 2
7 8
6 6
3 2
4 7
1 2
1 4
8 0
2 2
3 10
6 5
4 4
7 6
9 10
11 5
4 11
10 6
4 3
6 2
6 7
1 3
2 9
10 1
8 6
5 10
2 6
6 11
5 1
5 0
7 3
9 9
4 6
2 5
11 7
0 4
10 8
8 10
8 11
6 4
0 11
3 9
1 1
10 2
6 10
3 7
4 2
5 7
2 8
9 0
0 10
0 8
0 0
5 9
6 0
11 11
4 8
6 9
7 1
8 4
6 8
9 3
7 5
2 3
10 4
1 11
7 11
8 2
11 10
10 11
7 4
1 9
11 6
3 0
4 9
3 6
8 3
5 3
2 1
0 1
9 6
4 0
8 5
9 5
2 10
1 8
5 6
1 10
4 1
8 9
11 0
7 7
2 4
9 11
3 11
0 2
0 7
6 1
5 2
10 10
11 1
10 0
2 7
3 1
1 6
