18 58 991
00000001000000000
00000001000000000
00000001000000000
00000001000000000
00000001000000000
00000001000000000
00000001000000000
00000001000000000
00000000000000000
00000000000000000
00000000000000000
00000000000000000
00000000000000000
00000000000000000
00000000000000000
00000000000000000
00000000000000000
00000000000000000
000000000000000000
000000000000000000
000011110000000000
000000000000000000
000000000000000000
000000000000000000
000000000000000000
000000000000000000
000000000000000000
000000000000000000
000000000000000000
000000000000000000
000000000000000000
000000000000000000
000000000000000000
000111111111111111
111110000000000000
8 6
9 7
15 15
7 1
9 5
3 10
6 11
14 4
8 14
4 9
0 4
11 11
14 5
4 8
8 1
5 15
1 3
14 0
5 9
7 14
16 3
1 9
8 3
1 10
2 10
2 16
7 0
16 10
12 14
13 9
7 15
1 5
12 10
5 11
17 4
4 2
8 11
16 5
15 16
0 11
10 12
3 13
4 7
9 2
11 0
6 5
0 15
4 6
12 9
9 9
17 14
4 16
16 16
12 2
16 17
6 17
0 7
13 2
