12 97 1425
00000000000
00000000000
00000000000
00000000000
00000000000
00000000000
00000000000
00000000000
00000000000
00000000000
00000000000
00000000000
000000000000
000000000000
000000000000
000000000000
000000000000
110000000000
000000000000
000000000000
000000000000
000000000000
000000000000
8 11
1 10
0 0
7 1
11 10
10 2
11 2
10 0
7 2
3 6
3 3
4 9
5 1
10 5
5 9
9 10
3 8
7 5
9 2
5 10
6 2
0 6
8 10
11 9
6 9
2 4
3 11
6 1
11 0
10 1
5 3
5 2
11 4
11 8
8 9
7 0
4 1
0 4
8 7
11 5
7 7
2 6
0 7
5 6
2 7
10 11
0 5
4 11
8 8
3 10
7 10
1 9
10 6
0 10
10 9
9 1
11 6
5 7
5 0
8 3
6 3
11 3
1 2
2 0
11 11
9 5
9 7
5 11
8 0
5 5
9 3
3 7
2 8
8 2
1 1
6 10
1 3
3 9
7 3
1 8
4 4
7 9
8 5
9 8
4 0
10 8
4 6
10 10
9 9
7 8
7 4
6 5
3 1
1 0
3 0
4 10
1 4
