13 118 1444
000000000000
000000000000
000000000000
000000000000
000000000000
000000000000
000000000000
000000000000
000000000000
000000000000
000000000000
000000000000
000000000000
0000000000000
0000000000000
0000000000000
0000000000111
0000000000000
0000000000000
0000000000000
0000000000000
0000000000000
0000000000000
0000000000000
0000000000000
10 11
2 9
9 9
11 7
9 8
10 10
10 9
8 4
7 5
3 6
8 12
12 5
12 8
7 4
11 5
2 2
3 11
12 11
11 9
4 1
8 7
5 8
10 4
2 10
0 12
0 6
8 11
8 1
7 3
6 2
8 6
12 6
12 12
6 10
10 5
4 4
6 9
0 0
5 0
0 4
3 12
11 10
1 9
12 4
3 0
0 5
11 2
4 9
10 7
5 12
4 2
12 1
1 2
5 3
12 3
4 12
6 5
8 2
2 1
8 9
1 1
1 11
4 0
2 3
5 1
4 3
4 8
9 5
2 12
6 3
11 12
12 0
7 6
0 11
11 4
6 4
2 4
7 2
9 0
1 8
2 11
4 6
7 10
4 7
8 5
0 1
5 5
7 1
4 5
10 6
5 6
8 8
12 2
3 4
3 9
0 8
0 2
9 2
6 7
4 10
6 0
5 9
9 12
5 4
7 12
7 9
2 5
12 7
11 0
9 11
9 7
11 11
1 10
6 1
10 3
1 4
6 11
5 2
