15 161 5532
00000000000000
00000000000100
00000000000100
00000000000100
00011101000000
00011111000000
00011111000000
10011110010000
10000010010000
10000010010000
10000010010000
10000010010000
10000010010000
10000010010000
10000010010000
000000000000000
000000000000000
000000000000000
011111111111111
000000001111000
000000000000000
000000000000000
000000000000000
000000000000000
000000000000000
000000000000000
000000000000000
000000000000000
011100000000000
3 13
12 12
14 13
13 1
4 5
0 2
3 6
7 11
14 3
7 4
1 3
10 4
5 2
2 7
8 2
13 4
13 13
5 13
12 0
6 0
9 7
12 5
2 13
10 13
14 5
8 5
11 14
7 0
8 14
8 13
14 12
8 9
7 9
11 9
2 2
5 11
1 7
5 3
2 4
1 6
12 4
10 6
5 1
3 12
10 2
11 7
9 13
9 3
5 12
3 10
6 10
10 0
3 8
10 12
11 10
9 4
0 5
4 6
4 4
6 11
3 14
10 8
7 1
2 11
11 5
11 0
2 12
6 7
6 9
4 8
6 5
6 2
14 7
9 6
1 9
10 1
9 14
12 10
12 3
10 9
5 5
11 11
1 0
12 14
13 9
6 13
12 11
9 2
13 5
12 9
0 8
4 14
4 10
8 12
4 11
9 11
14 2
12 13
13 0
12 2
4 0
7 5
0 11
1 8
7 3
4 2
0 10
10 10
8 0
9 10
7 6
4 3
8 6
7 10
14 1
7 7
8 8
1 1
0 6
6 14
2 3
9 1
3 9
12 7
6 12
6 3
13 12
1 2
3 0
0 3
6 8
5 10
5 4
8 7
2 14
14 11
5 6
14 8
11 4
5 14
2 1
3 3
8 4
2 0
13 7
14 0
5 8
11 6
5 0
1 5
13 3
2 6
1 4
10 11
6 1
4 12
0 12
0 9
3 7
9 9
1 12
