20 276 7063
0000000000000000000
0000000000000000000
0000000000000000000
0000000000000000000
0000100000000000000
0000100000000000000
0000100000001000000
0000100000001000000
0000000000001000000
0000000000001000000
0000000000001000000
0000000000001000000
0000000000001000000
0000000000001000000
0000000000001000000
0000000001001000000
0000000001001000000
0000000001001000000
0000000001001000000
0000000001001000000
00000000000000000000
00000000000000000000
00000000000000000000
00011111111111111111
00000000000000000000
00000000000000000000
00000000000000000000
00000000000000000000
00000000000000000000
00000000000000000000
00000111111110000000
00000000000000000000
00000000000000000000
00000000000001000000
00000000000000000000
00000000000000000000
00000000000000000000
00000000000000000111
00000000000001100000
13 19
19 13
5 1
15 2
0 9
1 0
10 15
8 19
6 8
1 1
19 19
0 18
1 18
14 9
12 13
10 19
9 8
18 9
2 9
17 15
1 14
6 13
10 7
4 9
16 11
8 3
4 8
17 17
8 13
0 12
12 14
16 19
14 10
4 19
14 15
11 11
2 17
10 0
3 10
5 8
17 7
17 12
10 13
13 18
2 13
3 19
11 7
19 0
18 10
14 11
9 9
1 7
5 6
17 3
18 19
10 5
15 9
5 16
8 17
18 0
0 14
9 5
4 16
8 8
9 3
0 11
2 0
15 8
14 13
13 17
2 6
7 7
13 16
3 0
17 11
8 15
4 14
7 2
1 19
7 13
14 14
10 1
6 4
2 1
7 10
5 5
16 8
18 14
15 1
8 10
14 0
14 16
12 9
12 17
15 7
2 10
15 15
9 4
18 1
4 12
0 13
17 4
7 4
17 10
12 18
15 17
8 9
12 10
16 14
4 17
3 1
16 7
2 8
6 1
0 4
2 16
3 2
19 8
1 3
4 10
9 7
14 5
16 15
16 10
9 11
19 11
8 12
11 2
10 16
11 8
16 4
5 7
17 9
4 4
6 14
6 9
5 13
16 13
13 3
10 8
3 17
15 4
11 5
8 16
15 13
15 5
2 5
6 2
6 10
2 7
6 6
0 0
18 3
15 16
12 7
12 4
15 19
17 16
19 15
16 6
6 11
8 2
17 18
4 18
7 9
14 18
5 11
16 1
18 7
5 15
19 10
14 4
14 12
6 18
6 3
15 12
19 18
16 12
12 16
13 5
6 0
16 16
7 6
9 16
0 8
10 11
0 15
7 3
1 5
8 4
1 17
2 2
4 11
14 6
10 3
7 15
17 6
18 17
6 5
11 14
6 16
13 1
1 2
1 11
11 9
4 5
9 6
5 0
9 14
8 18
8 0
10 14
19 4
13 13
17 19
11 1
9 15
0 5
15 10
10 4
15 18
3 11
19 3
5 12
3 14
12 19
5 18
7 1
12 3
13 4
3 15
5 3
12 15
17 2
10 9
4 1
3 7
11 13
7 19
7 16
6 12
11 15
0 6
19 1
2 3
7 17
9 12
16 5
13 7
19 17
5 14
3 4
17 5
19 2
12 5
11 10
18 8
18 5
9 1
11 12
1 6
13 8
11 17
13 2
13 0
14 3
17 0
14 1
1 13
1 10
18 6
18 13
7 14
16 17
8 11
19 5
