20 147 4475
0000000000000000000
0000000000000000000
0000000000000000000
0000000000000000000
0000000000000000000
0000000000000000000
0000000000000000000
0000000000000000000
0000000000000000000
0000000000000000000
0000000000000000000
0000000000000000000
0000000000000000000
0000000000000000000
0000000000000000000
0000000000000000000
0000000000000000000
0000000000000000000
0000000000000000000
0000000000000000000
00000000000000000000
00000000000000000000
00000000000000000000
00000000000000000000
00000000000000000000
00000000000000000000
00000000000000000000
00000000000000000000
00000000000000000000
00000000000000000000
00000000000000000000
11111111111111000000
00000000000000000000
00000000000000000000
00000000000000000000
00000000000000000000
00000000000000000000
00000000000000000000
00000000000000000000
4 3
7 3
10 19
0 8
9 10
0 9
8 0
18 13
10 11
0 18
19 6
13 19
11 0
9 1
11 9
9 0
7 14
19 16
19 13
5 11
3 4
10 17
8 5
5 6
12 14
19 7
17 14
2 11
15 6
18 2
19 14
16 17
14 11
9 9
11 6
10 16
9 18
1 4
13 8
10 1
2 16
1 13
19 9
19 12
14 6
1 3
18 4
5 18
10 14
15 9
4 6
18 10
19 15
8 12
18 0
7 9
10 6
5 14
18 15
4 18
17 18
7 2
18 19
9 8
3 3
10 3
8 9
6 1
15 18
9 11
15 8
17 4
6 0
2 14
0 14
17 15
1 14
17 10
10 13
6 16
14 3
15 14
17 0
10 0
16 1
2 0
15 10
2 9
5 19
7 19
18 7
3 1
9 15
9 12
12 16
15 13
3 15
17 8
4 15
12 9
9 3
14 0
5 8
7 0
12 17
19 8
13 16
2 19
4 5
4 0
12 6
15 3
13 7
17 9
5 7
5 10
5 0
1 18
14 10
16 4
8 8
10 9
7 6
11 3
11 11
12 11
3 14
10 15
4 2
8 6
9 2
0 13
16 0
13 18
14 17
15 16
1 19
6 9
11 1
6 12
13 14
12 3
3 10
0 5
10 4
15 11
16 7
