18 162 3200
00000000000000000
00000000000000000
00000000000000000
00000000000000000
00000000000000000
00000000000000000
00000000000000000
00000000000000000
00000000000000000
00000000000000000
00000000000000000
00000000000000000
00000000000000000
00000000000000000
00000000000000000
00000000000000000
00000000000000000
00000000000000000
000000000000000000
000000000000000000
000000000000000000
000000000000000000
000000000000000000
000000000000000000
000000000000000000
000000000000000000
000000000000000000
000000000000000000
000000000000000000
000000000000000000
000000000000000000
000000000000000000
000000000000000000
000000000000000000
000000000000000000
0 3
6 11
11 2
17 4
2 7
8 16
6 15
11 17
11 6
9 15
2 0
5 3
17 8
17 5
6 10
1 17
14 12
15 15
5 11
4 9
10 2
16 10
4 7
1 13
7 6
17 15
7 13
7 10
10 16
6 14
11 12
15 12
6 3
1 9
16 1
7 1
10 3
17 10
8 17
5 12
9 1
14 15
8 1
17 9
10 8
17 6
16 12
5 17
16 16
0 13
4 16
13 15
2 17
0 9
14 2
15 16
12 8
6 8
5 2
0 0
1 1
17 17
12 4
10 17
17 16
2 10
11 7
9 11
17 3
2 4
10 14
16 17
15 13
1 4
2 15
9 16
0 8
11 4
16 9
5 16
10 7
14 17
14 9
0 1
5 7
7 3
14 1
12 5
8 4
7 7
16 5
9 4
1 8
0 5
0 15
1 16
4 2
3 13
12 15
6 16
1 12
3 8
9 6
13 0
12 10
5 0
1 3
13 5
15 10
9 8
15 9
9 13
15 7
16 2
9 14
1 7
0 10
10 6
3 9
5 14
4 13
0 6
0 4
0 7
3 10
4 10
1 5
10 12
13 10
10 11
17 11
11 3
8 0
6 17
12 2
9 7
15 6
16 4
9 2
14 4
15 11
7 15
4 1
7 4
3 1
11 0
3 6
16 0
15 17
8 12
11 11
9 17
7 14
6 6
15 4
12 11
17 14
3 16
8 14
13 1
2 5
5 13
