13 87 1787
000000010000
000000010000
000000010000
000000010000
000000010000
000000010000
000000010000
000000000000
000000000000
000100000000
000100001000
000100000000
000100000000
1110000000000
0000000000000
0000000000000
0000000000000
1111111000000
0000000000000
0000001100000
0000000000000
0000111111110
0000000000000
0000111111100
0000000111111
7 1
10 8
5 9
5 5
10 9
6 8
4 8
9 1
6 0
2 11
4 2
7 3
11 6
3 3
1 10
8 9
10 4
7 8
6 11
6 2
10 2
2 5
11 8
3 0
6 12
3 7
4 9
10 10
5 12
9 3
9 8
3 2
9 4
10 7
7 7
1 0
11 9
7 5
1 6
0 9
0 4
2 12
0 6
11 2
7 10
11 4
5 1
12 6
7 2
7 4
10 12
10 6
5 6
8 12
9 5
7 9
12 1
0 8
5 7
11 11
8 0
5 3
3 11
1 4
7 0
12 10
6 6
11 7
12 4
3 9
6 4
5 11
2 3
8 11
8 8
8 10
11 5
3 4
11 1
4 7
3 1
8 6
1 11
1 8
4 1
8 7
1 12
