12 103 1498
00000000000
00000000000
00000000000
00000000000
00000000000
00000000000
00000000000
00000000000
00000000000
00000000000
00000000000
00000001000
000011111111
000000000000
000000000000
000000000000
000000000000
000000000000
000000000000
000000000000
000000000000
000000000000
000000000000
8 7
5 11
11 0
0 9
3 5
10 2
4 6
9 10
5 3
4 0
8 10
8 11
0 4
8 5
10 11
3 0
5 4
9 4
10 7
10 3
4 5
7 2
11 8
7 5
3 1
8 2
9 8
11 4
10 1
6 11
6 10
7 1
2 3
0 11
2 0
7 8
5 2
8 9
4 10
5 0
7 4
6 5
7 10
3 4
2 7
0 8
1 2
4 9
9 1
11 3
9 3
9 11
11 2
1 0
6 2
10 8
3 2
7 3
2 2
9 9
4 11
5 7
0 10
1 1
3 6
11 7
2 8
5 5
0 5
1 8
2 10
10 6
8 0
2 4
9 7
4 3
6 3
11 5
10 9
7 7
6 1
3 10
9 2
8 8
6 7
10 0
0 0
6 6
1 10
2 9
8 6
0 6
0 7
3 11
9 0
5 9
9 5
5 1
9 6
5 8
3 8
3 9
11 9
