20 368 14079
0000000000000000000
0000000000000110000
0000000001000110000
0000000001000110000
0000000001000110000
0000010001000110000
0000010001000100000
0000010001000100000
0000010001000100000
0000010001000100000
0000010001000100000
0000010000000100000
0000000000000100000
0000000000000100000
0000000000000100100
0000000000000100100
0000000000000101100
0000000000000101101
0000000000000101101
0000000000000101101
00000000000000000000
00000000000000000000
00000000000000000000
00000000000000000000
00000000000000000000
00000000000000111110
00000000000000000000
00000000000000001111
00000000000000000000
11000000000000000000
00000001111111000000
11111111111110000000
00000000000000000000
00000000000000000000
00000000000000000000
00000000000000000000
00000000000000000000
00000000000000000000
11111111110000000000
14 0
0 10
16 8
13 19
18 9
13 16
12 12
18 0
1 4
4 5
5 4
3 16
19 13
14 8
13 7
15 1
5 9
12 9
19 4
10 11
10 19
6 17
10 4
3 9
0 2
16 11
2 16
14 18
12 6
4 17
14 15
6 9
1 17
1 11
17 19
2 12
6 15
10 3
17 14
7 5
3 11
19 12
0 8
4 1
1 7
10 16
15 7
10 6
1 1
12 19
3 19
14 17
6 12
7 2
2 17
4 15
19 7
19 16
0 11
5 6
1 8
9 4
7 19
2 8
8 7
16 1
12 3
15 18
2 2
0 15
5 18
14 4
12 2
11 6
17 3
10 2
17 6
18 17
13 5
2 18
0 6
4 0
9 17
13 3
17 8
17 16
10 14
12 7
15 15
8 8
7 0
16 10
14 6
9 2
12 5
19 3
15 16
9 15
3 17
10 5
18 5
3 7
9 18
0 14
4 16
14 5
2 7
10 9
11 0
0 12
2 1
14 1
14 16
3 15
4 10
6 3
15 8
7 12
12 10
17 7
6 6
6 13
12 8
17 0
3 18
5 5
3 0
3 13
9 3
1 14
1 0
17 12
19 10
6 10
13 12
7 11
12 0
19 2
14 13
4 13
11 9
18 13
11 18
6 0
12 14
2 13
5 16
14 10
15 10
11 14
2 3
1 3
5 10
18 12
2 19
11 13
11 8
3 12
8 9
16 4
11 10
17 17
9 9
15 9
15 19
9 14
8 12
15 2
1 9
13 0
7 14
8 19
17 9
9 5
11 19
18 6
4 2
4 12
12 1
9 16
15 6
19 19
1 19
5 12
17 4
5 17
9 19
13 11
16 16
13 8
5 0
4 19
15 0
5 13
6 7
6 8
1 6
16 3
11 17
4 9
1 13
4 7
12 18
15 5
19 8
14 7
11 11
13 17
7 9
7 15
8 5
7 10
10 8
11 1
8 17
8 1
5 15
17 5
19 6
16 7
18 8
14 12
0 9
12 16
6 18
7 6
13 6
13 1
5 2
16 19
1 16
8 6
16 9
7 4
17 2
1 12
8 16
2 4
5 8
7 18
5 11
19 9
6 4
19 17
19 11
11 2
8 18
8 2
2 11
13 10
18 15
2 6
9 8
0 17
16 12
1 15
0 4
0 3
9 12
8 13
4 18
13 13
8 14
5 7
16 5
10 1
8 4
11 5
15 11
13 14
10 12
7 7
4 14
3 6
18 19
18 2
8 3
6 19
2 10
16 6
13 4
7 17
2 15
9 13
14 2
5 14
18 7
19 14
9 6
18 14
1 5
13 18
2 5
0 0
15 14
2 14
3 5
18 18
1 18
10 17
17 10
3 14
11 4
0 5
18 4
15 3
9 7
1 10
6 1
0 7
0 18
11 16
12 15
18 1
9 10
18 11
16 13
3 3
16 14
8 11
0 1
7 8
15 12
10 15
16 0
3 2
12 11
19 15
14 9
5 19
9 0
3 4
2 9
11 12
7 13
4 8
8 10
18 16
6 14
3 8
10 10
12 13
14 19
17 18
11 3
14 3
8 15
4 3
13 2
10 0
0 19
5 1
8 0
6 5
0 16
7 16
7 3
15 4
7 1
3 1
9 11
15 17
10 13
6 16
12 4
19 5
16 2
19 0
