20 86 1725
0000000000000000000
0000000000000000000
0000000000000000000
0000000000000000000
0000000000000000000
0000000000000000000
0000000000000000000
0000000000000000000
0000000000000000000
0000000000000000000
0000000000000000000
0000000000000000000
0000000000000000000
0000000000000010000
0000000000000010000
0000000000000000000
0000000000000000000
0000000000000000000
0000000000000000000
0000000000000000000
00000000000000000000
00000000000000000000
00000000000000000000
00000000000000000000
00000000000000000000
00000000000000000000
00000000000000000000
00000000000000000000
00000000000000000000
00000000000000000000
00000000000000000000
00000000000000000000
00000000000000000000
00000000000000000000
00000000000000011111
00000000000000000000
00000000000000000000
00000000000000000000
00000000000000000000
4 4
16 6
2 12
2 2
11 2
9 17
18 19
5 15
16 7
14 1
16 8
3 11
14 6
8 10
5 8
0 14
10 7
19 18
19 0
19 17
16 16
4 12
7 11
7 19
0 16
6 10
9 15
17 3
4 17
5 1
13 0
0 18
15 9
2 8
7 17
17 4
6 9
4 18
18 10
3 4
14 15
14 2
14 4
13 15
15 8
11 18
14 16
18 7
17 5
10 12
19 19
17 14
19 12
15 5
10 9
0 10
5 6
3 14
1 16
5 13
2 11
12 4
4 14
5 12
18 16
6 12
6 19
18 1
14 17
10 0
10 6
4 19
16 5
9 10
16 10
0 4
3 6
12 17
3 7
2 13
7 4
18 18
0 15
9 6
0 2
13 19
