17 251 4703
0000000000000000
0000000000000000
0000000000000000
0000000000000000
0000000000000000
0000000000000000
0000000000000000
0000000000000000
0000000000000000
0000000000000000
0000000000000000
0000000000000000
0000000000000000
0000000000000000
0000000000000000
0000000000000000
0000000000000000
00000000000000000
01111111111111111
00000000000000000
00000000000000000
00000000000000000
00000000000000000
00000000111111111
00000000000000000
00000000000000000
00000000000000000
00000000000000000
00000000000000000
00000000000000000
00000000000000000
00000000000000000
00000000000000000
12 4
6 5
1 0
12 7
14 14
14 16
4 0
1 16
4 10
9 5
16 0
0 2
8 0
1 13
4 14
6 6
14 15
7 9
8 11
14 0
16 4
16 8
6 16
2 11
7 0
2 2
13 10
5 16
2 16
11 1
12 9
5 3
15 10
10 6
14 1
2 4
3 5
9 14
5 8
6 2
7 7
15 1
10 10
15 9
7 11
10 4
12 13
14 9
7 16
13 11
10 7
1 3
10 8
0 12
5 2
10 15
8 7
12 1
15 6
8 15
2 8
0 8
16 15
13 12
4 6
3 14
13 14
2 6
10 12
11 8
8 10
0 3
11 6
6 0
7 3
6 13
9 8
12 3
5 7
14 13
5 0
14 4
2 7
14 10
3 11
10 3
0 13
16 2
13 9
0 14
0 7
5 4
11 9
15 3
2 1
16 7
5 15
3 10
14 8
3 8
5 9
15 0
1 8
2 0
4 15
7 15
15 5
12 14
0 9
16 14
11 15
11 7
11 11
7 4
15 14
10 14
5 6
0 0
13 15
0 5
1 2
9 6
4 4
4 8
0 6
13 3
12 0
9 1
3 3
3 0
15 7
4 7
13 13
13 6
5 11
16 12
11 2
8 8
6 11
9 11
11 14
9 15
1 12
3 16
6 10
14 7
16 11
11 3
10 1
9 0
13 2
4 3
4 11
7 12
16 3
2 10
9 3
16 16
11 12
9 7
7 6
15 15
16 6
12 10
4 1
2 13
12 8
2 12
5 1
10 13
2 9
6 7
6 4
10 5
15 2
1 9
7 5
5 13
16 1
7 13
11 0
13 1
6 9
4 12
16 13
15 13
0 16
6 3
13 7
4 9
8 16
2 14
16 9
2 5
8 1
8 5
0 10
12 6
7 14
3 9
10 0
8 12
9 12
14 11
13 8
8 4
5 14
1 11
3 2
15 16
7 1
15 8
12 16
8 14
5 12
15 12
11 5
11 4
12 2
6 15
9 13
0 1
1 15
4 5
3 6
11 16
12 11
9 10
3 7
11 10
12 12
14 3
1 6
6 1
1 4
14 2
3 4
12 5
0 4
14 6
4 13
3 1
3 15
4 16
7 10
4 2
5 5
1 10
8 13
2 15
2 3
