20 394 11504
0000001000000000000
0000001000000000000
0000001000000000000
0000001000000000000
0000001000000000000
0000001000000000000
0000001000000000000
0000001000000000000
0000001000000000000
0010001000000000000
0010001000000000000
0010001000000000000
0000001000001000000
0000001000001000000
0001001000001000000
0001001000001000000
0001000000001000000
0001000000001000000
0001000000001000000
0001000000001000000
00000000000000000000
00000000000000000000
00000000000000000000
00000000000011111111
00000000000000000000
01111110000000000000
00000000000000000000
00000000000000000000
11111000000000000000
00000000000000000000
00000000000000000000
00000000000000000000
00000000000000000000
00000000000000000000
11100000000000000000
00000000000000000000
00000000000000000000
00000000000000000000
00000000000000000000
12 5
12 6
19 14
6 12
14 11
16 7
0 9
16 13
0 8
3 12
9 11
17 7
3 11
18 13
17 2
1 11
5 0
12 9
0 2
2 18
2 2
13 2
19 11
18 15
10 1
0 14
7 1
10 2
17 12
15 19
12 18
8 10
17 10
11 13
14 7
11 3
9 12
6 18
19 12
10 4
8 5
9 4
2 8
5 17
18 17
10 7
13 17
11 11
5 3
12 17
3 8
3 10
2 19
3 3
11 12
2 10
1 2
2 6
12 7
4 9
0 19
11 7
4 13
1 19
10 10
4 8
1 10
0 18
15 4
3 7
1 1
3 6
0 6
15 14
1 18
16 17
9 0
2 16
7 18
19 15
2 9
14 2
17 1
9 1
3 14
16 12
7 15
19 9
16 3
8 11
13 3
16 9
6 16
6 15
3 4
14 18
15 8
0 15
19 13
1 0
6 10
1 4
16 19
18 11
16 15
5 18
19 6
10 13
5 2
7 19
17 19
16 10
11 18
9 9
4 15
13 12
10 11
2 0
18 10
2 4
7 4
10 9
2 5
7 6
10 17
12 3
14 15
18 18
6 3
3 15
8 3
4 0
19 10
17 16
5 12
19 17
12 13
1 6
19 4
7 10
14 1
16 8
1 3
4 7
5 16
0 4
9 18
17 13
7 12
9 8
5 6
8 4
4 11
0 11
11 4
17 0
16 2
16 5
5 15
7 16
13 9
0 10
7 17
11 14
13 1
14 10
13 15
0 1
18 7
7 14
17 6
11 16
5 8
6 7
11 19
8 12
19 3
4 5
6 0
16 4
19 19
13 13
14 16
5 5
18 4
17 14
15 6
9 3
10 16
1 14
12 10
8 0
10 15
18 5
8 15
6 13
4 4
3 9
9 6
10 19
7 11
14 17
11 10
4 12
15 13
2 14
14 3
11 0
0 3
8 19
13 0
4 2
16 16
16 18
19 7
12 15
14 8
16 1
2 11
12 19
1 12
11 15
19 1
11 17
8 7
14 5
9 19
3 2
17 15
10 8
15 12
0 16
8 1
17 18
3 17
6 14
18 14
3 0
5 10
2 15
3 18
7 3
5 11
7 7
13 7
9 10
2 7
8 6
11 9
6 19
15 17
19 18
15 5
17 11
5 19
6 6
0 17
9 5
18 16
15 7
17 4
13 8
14 12
2 13
13 18
15 10
15 9
15 16
11 6
1 7
17 8
18 19
7 0
3 5
8 9
8 13
6 11
11 2
1 9
10 18
0 0
5 1
1 5
5 13
9 7
1 15
9 13
14 13
10 3
5 9
0 7
6 9
2 17
18 0
12 16
13 4
7 9
14 19
15 2
2 1
13 14
19 0
4 1
13 16
6 2
15 18
12 14
13 11
13 5
15 11
6 8
18 3
11 1
15 0
3 13
7 13
7 5
9 2
11 8
7 2
10 12
14 14
1 13
14 9
17 17
6 17
5 7
18 6
11 5
18 9
19 5
17 3
4 16
4 3
12 11
17 5
6 5
13 19
16 14
1 17
4 14
10 6
8 2
4 19
5 14
4 10
8 18
13 10
18 8
9 16
18 2
12 8
8 17
16 6
3 1
5 4
13 6
19 2
19 16
0 5
15 1
6 1
10 14
0 13
4 6
4 17
17 9
8 14
7 8
9 14
14 4
18 1
6 4
9 17
12 1
2 3
8 16
12 2
16 0
14 0
14 6
1 16
19 8
15 3
10 5
3 19
18 12
8 8
12 12
12 0
4 18
2 12
1 8
12 4
