20 248 8917
0000001001000001000
0000001001000001000
0000001001000001001
0110001001000001001
0110000001000001001
0110000001000001001
0110000001000001001
0110010001000001001
0110010000000001001
0010010000000001001
0010011000000001001
0010011000000001001
0010011000000011001
0010011000000011001
0010010000000011000
0010010000000010000
0010010000000010000
0010010000000010000
0010010000000011000
0000010000000011000
00000000000000000000
00000000000000000000
11100000000000000000
00000000000000000000
00000000000111110000
00000000000000000000
00000000000000000000
00000000000000000000
00000000000000000000
00000000000000000000
00000011111111000000
00000000000000000000
00000000000000000000
00000000000000000111
00000000000000000000
00000100000000000000
00000000000000000000
00000000000000000000
00000000000000001000
1 4
9 16
12 8
17 12
9 12
7 3
11 10
16 6
19 19
6 16
5 13
13 5
18 13
10 8
0 5
12 13
10 7
13 4
1 2
19 10
18 5
4 13
18 6
12 5
5 8
1 10
3 9
10 18
6 1
12 0
16 10
14 6
18 18
16 8
0 3
15 16
11 2
6 10
7 11
16 2
18 0
6 13
2 2
0 0
10 6
9 4
11 7
3 10
19 17
3 2
19 16
1 7
16 7
16 18
11 19
19 5
5 0
5 14
19 13
8 0
11 15
13 17
1 5
11 16
1 3
3 6
18 14
17 5
0 19
8 4
0 17
3 17
10 10
14 1
13 10
7 1
8 10
12 10
16 9
15 5
1 12
17 16
8 7
10 4
6 12
18 3
4 18
7 12
19 11
8 9
4 12
4 8
1 15
14 9
3 15
19 0
4 1
18 8
2 4
13 15
16 1
5 9
12 6
17 3
6 5
17 19
2 10
3 5
1 6
0 13
5 11
6 2
16 19
12 17
3 4
7 7
13 2
16 13
13 7
13 11
11 17
7 0
3 18
12 2
7 18
2 19
9 17
15 18
9 2
13 9
14 16
1 11
1 8
1 1
14 10
16 14
16 0
1 14
0 7
6 4
5 2
0 18
13 13
15 7
5 12
2 5
10 9
8 8
2 3
5 15
6 17
9 19
11 9
8 16
10 19
8 3
3 0
8 17
17 7
4 4
8 19
14 11
10 11
13 0
2 6
15 4
5 6
7 6
10 17
12 1
1 19
2 15
18 2
4 7
14 4
2 13
0 8
16 17
9 10
15 11
14 8
11 5
3 8
5 17
4 0
9 3
13 16
14 14
12 19
15 14
1 9
7 9
3 7
4 19
9 5
16 12
11 6
14 18
8 12
6 15
15 9
7 2
16 5
6 18
4 15
0 1
18 10
10 0
18 15
14 5
12 4
12 15
8 13
2 18
14 3
10 15
7 16
8 6
7 8
2 11
16 4
0 4
10 14
6 7
9 1
15 15
10 3
12 11
0 2
13 8
10 1
5 5
4 10
10 16
9 0
12 9
3 14
18 7
9 13
13 3
5 3
5 19
2 0
2 8
11 11
19 15
2 9
16 15
