17 74 1701
0000000000000000
0000000000000000
0000000000000000
0000000000000000
0000000000000000
0000000000000000
0000000000000000
0000000000000000
0000000000000000
0000000000000000
0000000000000010
0000000000000010
0000000000000010
0000000000000000
0000000000000000
0000000000000000
0000000000000000
00000000000000000
00000000000000000
00000000000000000
00000000000000000
11111110000000000
00000000000000000
00000000000000000
00000000011111111
00000000000000000
00000000000000000
00000000000000000
00000000000000000
00000111111111111
00000000000000000
00000000000000000
00000000000000000
13 13
14 3
0 1
1 6
5 3
9 4
15 6
9 13
14 6
15 9
11 13
4 13
6 8
11 9
3 11
15 12
8 2
5 7
0 12
6 15
12 13
11 10
6 11
16 5
7 8
10 7
4 0
11 11
3 8
2 5
1 15
9 16
12 5
16 10
1 10
3 13
8 6
1 7
2 4
13 5
5 0
4 16
2 14
7 6
11 3
11 8
4 4
12 16
9 10
9 5
8 7
11 0
6 1
11 1
0 3
4 14
11 7
2 9
12 6
16 6
13 9
1 2
16 8
10 13
7 7
3 6
9 11
15 8
13 12
0 4
14 0
5 9
13 16
5 2
