19 150 6416
000000000000000110
000000000000000110
000000000100000110
000000000100000110
000000010100000110
000000010101000110
000000010101000110
000000010101000110
000000000001000110
000000000001000100
000000000001000101
000000000001000101
000000100001000001
000000100001000001
000001100001000001
000000000000001000
000000000000000000
000000000000000000
000000000000000000
0000000000000000000
0000000000000000000
1111111100000000000
0000000000000000000
0000000000000000000
0000000000000000000
1111110000000000000
1111111111000000000
0000000000000000000
0000000000000000000
1111100000000000000
0000000000000000000
0000000000000000000
0000000000000000000
0000001111111111111
0000000000000000000
0000001111111111111
1111111111111111000
18 4
11 8
6 1
1 13
3 11
3 6
2 18
15 18
9 16
7 3
2 17
14 17
3 2
12 11
0 8
8 9
7 7
16 10
10 6
16 1
5 0
15 17
5 11
17 9
14 11
2 8
1 18
15 1
0 11
1 7
2 6
5 4
10 18
5 17
8 7
16 6
16 15
5 1
11 14
6 9
1 3
11 13
1 12
8 13
16 17
3 4
0 14
5 3
9 8
18 8
6 5
10 14
5 6
1 0
6 10
3 9
5 16
13 7
18 13
10 17
2 13
15 6
8 11
9 12
11 11
9 11
2 16
12 12
10 16
12 18
3 16
6 0
12 0
4 11
7 12
0 2
15 14
2 0
14 10
12 14
4 1
6 8
15 8
14 0
11 16
4 10
13 14
7 11
16 13
14 5
0 0
0 5
15 0
6 11
13 2
8 2
7 1
14 14
3 18
4 9
5 7
0 6
17 18
8 1
2 9
17 0
3 12
10 1
14 18
13 3
7 4
7 14
7 16
1 2
9 5
12 16
18 1
8 14
4 13
15 3
0 12
4 5
6 14
8 8
16 9
16 0
17 8
15 7
2 14
16 8
1 6
10 3
13 16
16 12
18 0
12 4
18 2
0 13
1 8
3 15
6 7
1 14
13 11
12 17
3 3
14 7
16 3
5 2
4 18
8 0
