18 159 6009
00000000000011110
00000000000011110
00000000000111110
00000000000110110
00000000000100110
00000000000100000
00010000000100000
00010000000100000
00010000000001000
00010000000001000
00010000000001000
00010000000000000
00010000000000000
00010000000000000
00010000000000000
00010000000000000
00010000000000000
00010000100000000
111110000000000000
111111000000000000
000000000000000000
000000000000000000
000000000000000000
000000000000000000
000000000000000000
000001111111111111
111000000000000000
000000000000000000
000000000000000000
000001111111111111
000000000011111111
000000000000000000
000011110000000000
000000000000000000
000000000001111111
13 15
1 5
2 9
9 9
17 13
10 8
13 17
0 14
11 2
10 16
13 9
2 10
0 12
8 12
17 12
3 16
15 0
6 1
14 4
10 9
12 1
13 2
7 3
14 16
1 17
11 10
5 14
1 10
6 4
17 2
14 1
16 0
9 12
15 15
15 10
10 13
15 5
4 4
2 6
17 8
9 15
8 6
17 14
1 13
0 6
12 11
2 3
16 8
16 15
3 14
17 11
17 9
10 17
12 2
7 14
3 8
17 0
15 11
15 9
0 4
2 5
10 10
12 8
10 11
9 5
13 7
6 14
8 5
0 11
6 3
7 12
8 17
7 0
16 14
15 8
5 16
17 5
15 4
13 4
4 0
14 6
17 4
14 3
14 11
4 2
6 6
0 5
13 3
14 12
8 1
11 8
17 10
7 16
4 14
16 2
3 3
13 0
11 16
9 7
5 5
15 1
6 10
4 12
4 16
15 2
9 4
11 0
12 10
16 17
2 16
13 8
0 17
2 17
7 11
7 8
14 14
0 0
7 7
13 11
4 11
9 11
5 9
5 15
8 4
8 16
11 13
5 4
17 15
3 11
13 12
16 3
12 6
15 14
10 14
9 16
7 15
13 6
12 12
15 16
1 9
14 17
9 8
11 7
10 12
7 13
2 12
16 11
2 13
0 16
4 6
15 17
14 2
5 12
11 4
3 17
4 13
15 13
6 13
7 4
