15 126 2604
00000000000000
00000000000000
00000101001000
00000101001000
00000111001000
00000111000000
00000111000000
00000111000000
00000011000000
00000010000000
00000010000000
00000000000010
00000000000000
00000000000000
00000000000000
000000000000000
111111111111100
000000000000000
000000000000000
000000000000000
000000000000000
000000000000000
000000000000000
000000000000000
000000000000000
000011111111111
000000000000000
000000001111111
000000000000000
14 0
1 10
14 3
0 4
6 2
9 7
10 0
9 1
10 2
12 2
11 1
2 3
14 6
14 8
6 3
10 10
6 0
3 4
11 5
0 7
11 7
10 9
1 11
2 13
8 7
12 3
10 7
13 1
5 5
4 6
11 11
14 5
7 0
2 12
9 11
12 5
3 11
0 2
9 3
8 4
9 14
1 4
13 7
1 14
4 14
10 6
8 10
3 2
7 1
10 5
13 14
7 6
5 3
11 2
8 9
4 1
12 0
5 9
8 5
11 0
0 11
8 14
13 10
8 12
1 5
10 12
2 9
11 3
12 1
0 6
4 12
7 9
5 11
4 2
7 2
3 0
5 6
5 1
12 11
9 2
6 11
6 13
10 1
10 11
6 14
2 6
13 13
6 8
10 14
2 7
14 1
13 12
2 8
9 4
12 14
5 13
9 13
11 6
14 12
5 8
0 12
14 11
8 6
2 5
5 7
3 3
2 0
5 0
1 6
0 13
4 13
7 7
0 1
7 4
3 14
2 1
8 2
13 11
4 7
8 11
3 7
4 5
2 14
14 2
0 10
14 9
