11 77 843
1000001100
1000001100
1000000100
1000000100
1010000101
1010000101
1010000001
1010000011
1010000010
1010000010
0010000010
00000000000
00000000000
00000000000
00000000011
00000000000
00000000000
00000000000
00000000000
00000000000
00000000000
7 5
5 8
6 1
10 7
0 4
3 3
0 7
3 9
0 8
9 10
4 0
6 9
2 4
1 4
10 3
2 6
1 9
0 9
0 6
5 2
4 9
8 4
0 3
7 0
3 8
1 0
7 1
7 4
6 10
6 8
7 10
7 7
5 10
1 1
10 10
7 6
6 2
7 9
6 3
9 1
9 3
4 2
6 4
5 5
3 4
1 5
4 1
5 7
0 10
6 7
4 4
2 10
10 4
10 5
4 7
2 5
9 4
1 7
4 10
1 2
9 6
9 7
0 5
3 2
8 0
5 6
2 9
6 6
7 3
2 3
1 6
5 3
1 3
5 4
3 7
2 8
8 7
