17 287 7224
0000000000000000
0000000000000000
0000000000000000
0000000000000000
0000000000000000
0000000000000000
0000000000000000
0000000000000000
0000000000000000
0000000000000000
0000000000000000
0000000000000000
0000000000000000
0000000000000000
0000000000000000
0000000000000000
0000000000000000
00000000000000000
11111111100000000
00000000000000011
00000000000000000
00000000000000000
00000001111111111
00000000000000000
00000000000000000
00000000000000000
00000000000000000
00000000000000000
00000000000000000
00000000000000000
00000000000000000
00000000000000000
11110000000000000
3 0
11 6
2 3
9 12
4 3
7 0
5 13
14 13
4 6
8 10
15 9
5 16
5 10
10 13
8 0
13 7
2 7
16 15
2 16
4 2
8 16
10 8
0 9
11 2
16 1
3 4
13 11
15 7
5 12
9 14
9 13
10 15
7 11
13 13
10 12
9 7
5 5
7 12
2 14
10 6
10 1
11 15
12 6
16 14
1 14
8 1
8 8
7 9
13 12
6 1
13 16
8 14
6 5
3 1
4 9
6 2
10 11
4 11
5 3
6 0
11 12
12 0
15 4
4 0
16 12
13 2
16 10
3 3
9 5
2 8
12 3
12 15
11 0
9 3
2 0
4 13
7 13
10 14
7 5
11 16
2 9
0 4
2 13
2 6
8 11
2 10
6 9
1 8
7 6
8 15
13 6
3 15
12 14
0 10
15 14
7 2
10 3
7 3
1 16
10 10
6 12
0 5
0 3
16 5
13 14
1 12
5 9
1 11
10 5
8 12
5 8
1 5
16 8
11 11
1 7
3 12
2 2
5 14
7 7
11 8
14 11
16 4
3 9
10 0
2 12
6 15
2 5
1 2
13 4
1 6
8 9
16 2
16 6
15 8
14 4
6 11
5 7
15 5
14 0
3 5
16 9
5 2
8 5
14 1
0 1
8 6
5 15
12 2
4 4
9 8
15 16
12 12
15 10
4 16
13 15
6 13
14 16
6 8
12 1
5 6
9 6
14 15
4 12
14 7
2 1
1 0
0 13
11 7
0 12
7 10
12 4
9 11
15 6
5 11
9 1
12 5
12 10
11 3
0 15
11 1
6 14
3 16
2 15
4 10
10 7
2 4
14 5
15 11
6 6
8 4
5 1
3 2
8 7
12 16
14 9
1 10
4 1
6 4
4 14
13 3
11 10
6 7
16 11
13 8
7 8
16 13
9 10
11 9
1 15
14 2
0 16
8 3
4 7
12 9
0 6
14 6
3 7
10 4
9 9
10 16
12 8
6 3
11 4
3 8
14 8
15 15
14 14
5 0
4 5
4 8
12 13
14 3
11 13
0 8
2 11
6 16
1 3
0 7
16 7
15 0
10 9
12 7
0 2
7 15
8 2
1 1
14 12
7 4
7 16
0 0
16 0
10 2
11 14
3 13
15 3
1 13
16 3
5 4
3 10
11 5
0 14
15 13
1 9
7 1
16 16
13 10
13 0
15 12
0 11
3 6
9 2
4 15
3 14
14 10
15 2
1 4
7 14
13 5
13 9
9 4
9 0
6 10
9 16
8 13
12 11
15 1
9 15
