18 73 2471
00000000001001010
00000000001001000
00000000001001000
10000000001000000
00000000000000000
00000000000000000
00000000000000000
10000100000000000
10000100000000000
10000100000000000
10100100000000100
10100100000000100
10100000000000100
10100000000000100
10100000000000101
10100000000100101
10100000000000101
10100000000000101
111111111100000000
000000000000000000
000000000000000000
111111111100000000
000000000000000000
111111111111111110
000000111111111111
000000000000000000
000000000000000000
000000000000000000
000000000000000000
000000000000000000
000100000000000000
000000000000000000
000000000000000000
000111111111000000
000000000000000000
11 5
12 6
13 9
5 9
17 2
9 5
11 16
12 0
15 5
14 7
7 5
6 12
6 5
1 6
0 9
7 17
17 1
0 17
4 1
6 16
0 4
0 15
2 17
8 16
5 1
5 11
15 14
1 16
16 15
16 9
13 6
2 3
4 10
10 1
13 2
3 12
6 13
0 7
12 14
8 6
2 15
0 8
10 12
16 8
3 1
9 15
16 1
11 7
2 5
5 12
15 8
7 16
0 12
8 12
0 13
0 14
7 10
11 13
6 7
7 0
13 5
12 2
5 6
10 16
12 3
12 10
8 11
6 1
6 3
17 0
11 10
15 12
1 10
