17 187 4576
0001100000010010
0001100000010010
0001100000010000
1001100000010010
1001100000010010
1001100000010010
1001100000010010
0001100000000000
0001100000000000
0001100000000001
0001100000001001
0001100000001001
0001000000001001
0000000000001001
0100000000001001
0100000000001001
0100000000001001
00000000000000000
00000000000000000
11100111111000000
00000000000000000
00000000000000000
00000000000000000
00000000000000011
00000111111100000
00000000000000000
00000000000000000
00000000000000000
00000001111110000
00000000000110000
00000000000000000
00000000000000000
00000000000000000
12 4
2 14
10 14
10 15
7 16
3 8
12 1
7 3
13 2
0 7
8 3
7 2
8 2
15 10
10 1
12 8
10 9
5 1
10 5
15 7
9 11
8 5
4 3
4 7
2 1
11 16
11 2
6 6
15 12
15 15
10 12
1 1
4 8
2 15
2 13
15 3
7 6
11 13
8 0
1 12
6 9
8 16
11 11
3 10
0 10
14 11
2 9
4 5
16 6
15 8
8 1
6 0
6 5
5 3
12 2
1 2
15 14
2 3
9 9
12 10
14 12
0 0
16 2
8 13
6 3
16 15
5 8
0 2
2 5
0 11
6 2
2 7
0 3
13 12
5 4
16 7
0 16
16 1
6 8
7 14
1 3
0 6
4 0
1 10
7 9
1 6
11 0
5 13
13 4
9 7
2 6
1 0
2 2
8 11
0 13
10 13
16 13
5 11
12 12
3 5
3 2
5 5
13 15
2 11
3 1
3 0
11 15
10 8
14 6
15 6
14 15
5 6
15 13
11 10
4 11
8 15
3 3
11 1
15 16
7 8
2 16
4 10
14 16
5 2
1 16
9 15
0 1
7 4
9 13
8 4
4 6
0 12
1 13
14 13
9 10
2 4
12 7
14 9
5 9
4 13
3 6
13 7
0 9
13 6
16 3
16 9
15 1
9 12
9 5
1 15
3 16
10 3
5 15
4 15
12 9
13 16
11 3
4 4
16 8
14 2
14 8
5 10
0 4
7 7
1 9
3 15
4 14
14 14
14 5
2 10
11 7
9 6
9 2
3 13
11 9
0 14
12 11
0 8
16 12
10 6
15 11
16 0
14 7
6 12
12 16
8 10
3 7
