16 121 2228
000000000000001
000000000000001
000000000000001
000000000000001
100000000000001
100000000000001
100000000000001
100000000000001
100000000000001
100000000000001
100000000000000
100000000000000
100000000000000
100000000000000
100000000000000
100000000000000
0000000000000000
0000000000000000
1111111111000000
0000000000000000
0011111111111110
0000000000000000
0000000000000010
0000000000000000
0000000000000000
0000000000000000
0000000000000000
0000000000000000
0000000000000000
0000000000000000
0000000000000000
11 3
14 8
11 5
2 13
12 13
12 11
0 13
6 1
14 2
7 6
1 3
6 14
4 6
8 0
5 14
4 15
12 0
15 12
6 11
7 8
2 14
14 14
10 7
3 3
1 1
3 13
3 6
6 15
1 11
15 2
7 3
6 8
9 11
7 0
4 5
11 2
0 8
5 1
10 5
4 7
2 9
15 13
10 4
7 12
7 2
11 9
3 9
13 3
5 11
3 10
10 8
0 3
6 3
12 14
10 13
6 13
8 14
9 5
15 7
4 8
11 4
2 15
1 0
7 14
3 15
10 15
13 10
6 12
13 7
10 10
2 1
10 9
7 11
1 15
15 5
8 3
6 7
3 1
7 4
0 11
14 11
1 10
12 10
13 9
8 10
1 13
1 2
10 11
6 6
15 1
6 9
13 11
12 4
9 7
4 13
11 0
13 2
11 15
9 15
13 5
1 14
15 9
6 10
15 11
9 0
6 0
11 10
14 13
8 4
2 2
7 10
2 6
1 4
1 8
1 7
2 7
9 12
13 1
15 4
4 9
5 8
