19 71 1405
000000001100000000
000000001100000000
000000001100000000
000000001100000000
000000001100000000
000000001100000000
000000001100000000
000000001000100000
000000001000100000
000000001000100000
000000001000100000
000000000000100000
000000000000100000
010010000000100000
010010000000100000
010000000000000000
010000000000000000
000000000000000000
000000000000000000
0000000000000000000
0000000000000000000
0000000000000000000
0000000000001111111
0000000000000000000
0000000000000000000
0000000000000000000
0000000000000000000
0000000000000000001
1000000000000000000
0000000000000000000
0000000000000000000
0011100000000000000
0000000000000000111
0000000000011111111
0011111111111110000
1111111000000000000
0000000000000000000
17 17
3 2
7 7
12 14
8 0
14 14
9 4
7 5
18 12
4 18
1 11
5 16
13 16
12 3
13 2
7 16
3 4
18 6
7 4
10 18
3 12
17 2
9 5
10 9
2 4
6 2
13 17
2 14
9 13
3 11
0 5
16 5
9 17
1 13
7 9
3 0
1 14
6 17
4 4
17 14
16 17
13 14
12 7
17 16
5 12
10 17
11 17
2 13
8 4
0 8
4 7
14 2
15 12
0 10
5 17
8 5
10 2
16 2
6 10
10 7
8 2
11 4
9 3
1 18
9 16
0 4
15 4
16 10
11 13
3 7
4 1
