20 100 4602
0000000000110000000
0010000000100000000
0010000000100000000
0010000000100000000
0010000000000000001
0000001000000000000
0000000000000000000
0000000000000000000
0000000000000000000
0000000000000000000
0000000000000000000
0000000000000000000
0000000000000000000
0000000000000000000
0000000000000000000
0000000000000000000
0000000000000000000
0000000000000000000
0000000000000000000
0000000000000000000
00000000000000000000
00000000000000000000
00000000000000000000
00000011111000000000
01111111111111111111
00000000000000000111
00000000000000000000
00000000000000000000
11111111111111111000
11100000000000000000
00000000111111111111
00000000011111111111
00000000000000000000
00000000000000000000
00000000000000000000
00000000000000000000
00000000000000000000
11111111111111000000
00000000000000000000
7 9
15 17
6 0
18 3
14 1
10 6
9 4
7 18
12 13
12 14
14 18
16 8
3 8
12 3
9 12
10 9
12 16
8 5
7 3
18 9
1 17
4 1
3 3
7 12
5 16
14 5
8 19
6 13
19 0
11 5
12 0
5 15
9 0
8 9
5 2
12 10
14 11
2 12
18 18
15 13
8 14
1 10
4 0
16 11
13 1
8 4
11 10
8 18
3 19
5 1
14 14
17 19
15 12
0 5
13 2
13 18
12 4
9 11
2 11
5 8
18 16
15 5
18 17
13 6
5 19
13 11
2 5
19 18
11 8
10 5
11 0
18 15
4 8
9 14
18 11
5 7
16 6
10 0
2 17
6 11
2 14
1 0
8 12
2 1
7 14
8 0
0 3
19 12
18 19
16 13
2 3
11 1
17 13
7 0
19 5
11 19
7 19
4 14
6 15
10 2
