20 297 12843
0000000100000010100
0000000000000010100
0000000000000000101
0000000000000000001
0000000000000000001
0000000000000000001
0000000000000000001
0000000000000000001
0000000000000000101
0000000000000000101
0000000000000000101
0000000000000000100
0000000000000000000
0000000000000000000
0000000000000000000
0000000000000000000
0000000000000000000
0000000000000000000
0000000000000000000
0000000000000000000
00000000000000000000
00000000000000000000
00000000000000000000
00000000000000000000
00000000000000000000
00000000000000000000
00000000000000000000
00000111111111111111
00000000000000000000
00000000000000000000
00000000000000000000
00000000000000000000
11111111111100001111
00111111111111111111
00000000000000000000
00000000000000000000
00000000000011111111
00000000000000000000
00000000000000000000
14 5
16 9
1 14
6 12
7 9
10 2
16 13
18 9
18 14
7 0
11 7
14 2
7 18
17 1
11 0
0 9
5 16
6 5
12 8
7 14
2 10
19 14
17 2
5 10
3 18
15 15
10 18
17 16
5 2
16 17
9 11
12 13
15 2
17 5
14 3
17 15
15 5
16 5
13 8
8 14
18 3
9 15
6 7
13 19
14 12
2 2
12 12
13 12
14 14
19 16
6 9
19 2
19 11
13 11
5 14
10 4
9 8
17 6
13 6
2 0
4 18
9 19
9 1
8 18
18 13
14 8
3 15
4 5
11 4
17 8
19 9
18 19
13 17
9 4
5 9
6 17
9 16
11 13
3 8
16 14
10 7
14 18
3 2
15 14
11 16
17 14
10 3
4 7
7 16
9 9
4 3
3 1
13 15
19 7
7 17
18 0
7 3
18 18
14 17
16 8
1 7
9 18
9 12
5 3
0 11
1 17
19 1
4 14
0 1
0 0
11 15
4 1
12 17
7 5
12 19
14 11
12 7
18 5
3 9
18 4
13 4
1 2
16 4
18 16
7 19
8 19
14 16
8 7
2 18
16 18
6 14
10 0
13 2
6 2
5 6
10 17
1 19
12 0
8 16
13 5
8 0
1 9
0 5
13 13
2 11
9 10
4 8
3 13
6 6
8 12
5 1
8 4
10 11
14 1
2 1
12 9
14 13
8 2
19 4
12 16
17 3
1 16
1 6
4 10
18 17
9 5
4 16
14 7
5 4
1 4
6 11
5 13
18 8
9 0
19 19
0 10
5 11
5 18
10 14
19 6
3 4
19 5
15 19
16 3
10 10
19 10
18 15
15 8
8 3
1 10
15 0
2 14
9 14
19 17
8 1
16 12
11 12
1 8
0 4
13 9
8 6
1 11
9 7
3 16
12 1
6 1
11 6
2 19
8 11
7 15
7 7
18 7
14 6
3 11
9 13
10 8
10 15
17 19
19 0
18 11
6 8
19 13
11 11
18 10
4 17
11 2
6 4
3 10
5 7
3 0
5 19
3 5
15 9
0 8
11 1
2 6
11 18
8 17
3 19
1 0
17 9
2 9
1 18
15 1
4 19
14 15
12 5
16 7
8 13
13 14
2 8
13 10
19 15
4 11
9 2
10 5
6 16
7 13
14 0
4 4
3 6
1 12
7 11
15 4
17 4
3 14
12 18
14 4
6 3
12 4
4 15
2 4
10 9
14 19
2 7
10 12
2 3
5 12
13 1
15 18
0 13
0 2
12 14
17 7
15 7
19 18
5 0
10 13
9 6
10 1
1 15
6 19
0 18
5 8
0 7
12 15
4 0
