20 296 8065
0000000000000001001
0000001000000001001
0000001000000001000
0000001000000001000
0000001000000001000
0000101000000001000
0000101000000001000
0000100000000001000
1000100000000001000
1000100000000001000
1000100000000001000
1000100000000001000
1000100000000001000
1000100000000000000
1000100000000000000
1000100000000000000
1000100000000000000
1000100000000000000
1000100000000000000
1000100000000000000
11111111110000000000
00000000000000000000
00000000000000000000
00000000000000000000
00000000000000000000
00000000000000000000
00000000000000000000
00000000000000000000
00000000000000000000
00000000000000000000
00000000000000000000
00000000000000000000
00000000000000000000
00000000000000000000
00000000000000000000
00000000111111111111
00000000000000000000
00000000000000000000
00000000000000000000
13 10
4 1
19 7
10 3
9 12
10 5
1 12
13 16
3 19
5 16
9 0
2 17
14 12
8 7
12 16
4 19
19 15
9 16
18 0
3 7
2 0
6 13
17 2
1 17
14 18
0 16
17 3
10 12
3 5
19 12
8 18
16 10
10 6
19 1
1 19
10 13
4 8
5 3
3 17
18 1
5 12
1 0
4 3
11 4
8 14
17 18
15 19
17 19
10 18
17 16
17 1
14 9
2 11
1 4
14 7
5 7
5 6
5 2
19 0
4 11
17 4
13 18
9 3
7 14
7 10
18 2
8 12
17 10
0 13
16 16
5 10
10 0
11 0
9 13
12 3
16 12
8 17
0 17
7 4
6 0
13 17
9 1
18 9
5 1
1 13
15 16
18 17
16 3
16 14
19 8
13 3
13 13
7 7
3 14
3 15
3 2
6 16
16 19
9 18
9 9
17 12
12 11
10 11
2 12
11 1
5 14
1 5
4 13
6 17
4 4
15 2
16 8
3 3
7 1
5 17
4 2
19 17
4 9
5 9
3 6
15 1
0 12
10 9
6 5
13 2
9 17
0 3
17 15
2 6
7 15
12 0
0 1
12 9
8 16
10 2
1 16
8 8
16 18
7 19
7 11
4 6
14 8
13 15
14 17
15 5
4 12
2 15
16 5
19 4
18 6
17 14
11 3
15 4
6 7
7 6
10 16
19 14
7 0
19 16
14 4
17 11
10 14
14 15
8 10
4 7
14 13
1 7
11 10
7 18
18 15
5 8
9 5
4 5
17 6
12 17
10 8
4 15
14 6
5 11
3 1
15 15
5 4
4 17
14 5
5 15
0 8
16 1
1 3
3 12
18 4
10 19
3 8
4 18
0 18
18 16
8 13
13 8
12 2
8 6
7 5
16 17
5 19
14 16
9 11
15 18
6 3
4 14
14 3
11 5
17 17
16 15
8 3
14 1
17 5
2 13
15 17
18 7
11 19
6 18
19 2
7 8
12 5
18 19
12 1
4 10
17 0
18 13
15 11
15 14
13 7
9 14
16 0
0 11
13 14
8 0
18 8
9 4
0 4
9 7
2 19
13 5
9 19
19 18
3 4
9 15
12 4
7 13
12 18
10 4
1 11
7 3
13 4
14 2
14 10
6 9
19 19
7 2
13 19
15 12
9 8
2 2
1 9
6 19
3 0
1 6
0 15
9 10
19 10
14 0
13 12
6 14
17 8
10 7
18 12
15 10
16 11
0 7
12 12
2 4
11 15
19 11
8 15
19 3
7 16
19 9
1 15
15 13
6 4
16 9
8 19
18 14
11 6
4 0
3 11
1 14
5 18
