17 111 2618
0000000000000000
0000000000000000
0000000000000000
0000000000000000
0000000000000000
0000000000000100
1000000000000100
1000000000000100
1000000000000100
1000000000000100
1000000000000100
0000000000000100
0000000000000100
0000000000000100
0000000000000100
0000000000000100
0000000000000100
00000000000000000
00000000000000000
11111111111100000
00000000000000000
00111111111111000
00000000000000000
00000000000000000
00000000000000000
00000000000000000
00000000000000000
11111111111000000
00000000000000000
00000000000000000
00000000000000000
00000000000000000
00000000000000000
2 7
1 4
7 3
7 9
15 6
16 11
3 3
15 13
0 9
5 9
11 0
15 4
8 7
3 6
6 10
15 16
4 15
9 11
16 4
15 12
10 13
6 16
2 2
15 3
4 7
0 12
14 1
1 5
3 14
9 14
5 4
3 15
14 7
6 14
16 14
7 2
2 13
11 2
13 7
10 4
8 0
0 11
12 1
6 1
15 10
15 7
12 7
6 13
0 14
12 5
8 14
9 12
12 16
5 7
6 8
2 0
7 16
13 11
8 2
10 14
2 6
5 0
13 5
3 1
4 16
10 7
0 4
11 10
4 6
10 1
3 16
2 10
14 14
7 4
11 15
13 3
10 3
15 8
13 15
1 0
13 0
16 6
1 8
14 11
12 0
7 6
6 2
16 0
11 6
2 16
1 9
8 15
10 16
15 5
10 9
0 3
13 13
1 11
2 8
9 3
3 2
5 11
12 3
13 9
14 5
6 6
11 8
14 4
8 6
3 9
9 13
