14 96 2409
0000001000000
0000001000000
0000001000000
0000001000000
0001001000000
0001001000001
0001001000001
0001001000001
1000001000001
1000001000001
0000011000001
0000001000001
0000001000001
0000000000001
00000000000000
00000000000000
00001110000000
00000000000000
00000000000000
00000000000000
00000000000000
11111000000000
00000000000000
01111100000000
00000000000000
00000000000000
11111100000000
10 2
7 2
11 1
5 13
6 11
4 10
7 10
11 2
7 3
6 7
13 7
0 9
12 6
3 5
0 8
7 12
6 0
6 10
10 6
8 13
10 4
4 9
4 1
11 3
4 4
4 13
4 8
7 5
11 7
3 4
0 7
12 4
3 0
1 2
0 6
4 12
13 10
11 4
13 13
5 5
5 2
11 6
3 12
9 2
0 12
8 8
8 6
3 1
8 10
8 3
1 9
3 11
3 8
12 3
5 1
10 8
5 8
4 5
8 7
13 3
13 11
6 2
6 3
0 0
5 0
0 10
1 3
0 11
3 6
1 10
5 9
9 11
13 0
3 7
5 3
13 5
7 8
7 13
13 6
10 3
3 13
6 13
1 5
8 12
13 1
2 10
12 9
9 13
2 7
11 12
12 5
9 9
2 5
12 8
1 13
10 9
