11 99 1779
0100010000
0100010000
0100010000
0100010000
0100010000
0100000000
0100000000
0000000000
0000000000
0000000000
0000000000
00000000000
00000000000
00000000000
00000000000
00000011110
00000000000
00000000000
00000000000
00000000000
00011111111
5 8
5 3
8 6
10 1
2 8
1 2
4 3
9 2
6 1
10 2
9 8
5 5
3 3
3 5
4 8
10 6
2 4
2 3
2 5
8 0
7 2
5 0
1 9
7 6
0 3
2 0
4 0
9 10
7 1
5 6
4 7
10 3
6 3
9 6
6 7
3 2
6 8
2 9
8 2
0 5
6 10
7 4
9 9
8 4
5 2
4 9
2 6
1 0
6 0
10 4
4 10
0 2
6 9
8 1
10 7
8 7
9 1
10 10
3 8
5 9
0 7
8 5
0 6
9 7
2 10
3 7
4 5
3 4
2 1
4 2
8 3
7 10
1 8
9 4
3 1
8 8
6 4
0 1
2 2
5 4
6 5
6 2
1 4
7 0
1 6
7 3
1 3
9 0
0 10
9 5
1 7
10 9
1 10
9 3
10 0
4 6
0 0
5 10
3 6
