16 40 1069
000000100100000
000000100100000
000000100100000
000000100101000
000000100100000
010000100100000
000000100100000
000000100100000
000010100100000
000010100100000
000010000100000
000010000100001
000010000100001
000010000100001
000010000100001
000010000000001
0000000000000000
0000000000000000
0000000000000000
0000000000001111
1110000000000000
0000000011000000
0000000000000000
0000000000000000
0000100000000000
0000000000001111
0000000000000000
0000000000000000
0000100000000000
0000011000000000
0000000000000000
0 5
3 10
9 9
1 14
11 0
11 1
6 7
10 8
9 14
6 4
5 13
13 9
0 8
15 13
1 9
3 14
9 2
14 2
5 12
7 9
14 12
12 6
12 13
7 15
8 13
13 2
9 3
8 15
3 12
6 5
14 8
2 6
10 14
8 1
0 7
15 15
12 7
11 4
12 8
3 0
