20 94 2622
0000000000100000010
0010000001100000010
0010000001100000010
0010000001100000010
0010000001100000000
0010000001100000000
0010000001100000001
0010000001000000001
0010000001000000001
0010000001000000001
0010010001000000001
0010010001000000101
0010010001000000101
0110010001000000101
0110010001000000101
0110010001000000101
0110010000000000101
1110010000000000101
1110010000000000101
1110010000000000101
00000001111000000000
00000000000000000000
10000000000000000000
00000000000000000000
00000000000000000000
00000000000000000000
00000000000000000000
00000000000000000000
00000000000000000000
00000000000000000000
00000000000000000000
00000000000000000000
00000000000000000000
00000000000000000000
00000000000000000000
00000000000000000000
00000000000000000000
00000000000000000000
00000000000000000000
13 11
18 9
19 16
0 3
0 17
2 8
17 10
8 18
12 16
12 5
16 14
0 19
16 13
16 19
14 18
18 16
0 8
12 15
15 19
0 16
18 8
4 12
15 5
9 4
14 0
17 5
4 0
16 12
11 19
11 9
14 2
11 8
16 8
13 3
0 14
9 1
8 1
3 17
17 1
12 3
1 19
4 18
8 19
17 18
12 9
14 10
7 5
11 10
7 18
5 3
17 17
1 16
18 7
3 7
3 10
2 2
5 14
12 6
17 19
10 18
10 5
4 11
2 0
12 2
14 7
16 3
10 13
2 3
4 13
7 2
5 7
8 8
6 15
8 16
9 9
12 11
6 7
15 7
5 11
5 19
4 14
8 14
6 17
6 8
2 18
12 18
9 19
1 6
15 8
6 16
19 5
13 10
17 4
3 15
