10 90 854
000000000
000000000
000000000
000000000
000000000
000000000
000000000
000000000
000000000
000000000
0000000000
0000000000
0000000000
0000000000
0000000000
0000000000
0000000000
0000000000
0000000000
4 0
1 2
9 3
2 0
2 7
9 0
0 2
5 8
3 1
9 1
8 5
0 4
1 5
3 0
2 5
8 3
8 9
4 8
6 1
9 8
9 9
1 0
6 6
7 0
7 3
9 4
2 6
5 4
8 6
1 3
2 9
4 4
4 7
3 5
9 2
8 1
5 2
6 8
3 9
3 7
6 0
5 0
0 1
3 6
2 3
4 5
3 2
3 3
2 8
9 6
2 2
7 6
1 8
5 6
0 6
5 5
5 7
7 9
7 2
2 1
1 9
3 8
0 5
1 7
7 8
4 3
8 0
6 3
9 5
0 3
5 9
8 7
4 1
8 4
1 4
6 7
7 5
0 9
5 1
6 9
8 8
4 6
7 4
8 2
0 0
4 2
6 5
0 7
4 9
7 1
