20 398 13084
0000000000000000000
0000000001000000000
0000000000000000000
0000000000000000000
0000000000000000000
0000000000000000000
0000000000000000000
0100000000000000000
0100000000010000000
0100000000010000000
0100000000010000100
0100000000010000100
0100000000010000100
0100000000000000100
0100000000000000100
0100000000000000100
0100000000000100100
0100000000000100100
0100000000000000000
0100000000000000000
00000000111111111111
00000000000000001111
00000000000000000000
00000000000000000000
00000000000000000000
00000000000000000000
00111111100000000000
00000001111111111111
00000000000000000000
00000001111100000000
00000000000000000000
00000000000000000000
00000000000000000000
00000000000000000000
00000000000000000000
00000000000000000000
00000000000000000000
10000000001111111111
00000000000000000000
12 9
13 8
2 3
2 18
11 7
15 3
15 13
15 7
4 0
5 3
2 11
5 15
3 18
7 15
17 17
19 4
2 14
14 12
0 7
3 10
15 16
8 16
15 1
6 13
11 4
15 4
6 3
9 19
2 7
10 10
12 6
3 5
1 13
9 11
10 13
19 17
6 11
17 3
1 12
16 4
19 1
17 15
15 17
2 13
16 7
5 9
6 5
8 1
11 9
11 5
4 2
14 9
15 9
8 17
15 2
0 19
12 1
8 9
1 6
11 3
16 19
13 3
1 4
10 19
0 6
19 16
17 13
16 2
18 17
9 16
6 2
2 1
1 7
2 6
0 17
14 13
14 3
5 19
19 11
1 14
16 14
19 10
0 3
10 17
9 4
7 16
1 10
7 3
0 10
18 1
12 15
10 6
9 1
18 10
3 9
9 13
19 9
15 12
12 10
6 6
16 9
18 8
7 10
4 5
8 6
2 9
4 6
10 18
10 2
8 0
18 6
18 3
12 18
10 0
1 8
9 14
0 15
3 1
15 14
4 7
5 0
9 17
8 2
4 8
5 2
18 18
19 5
11 15
4 4
8 7
19 13
17 5
3 12
13 1
6 10
14 19
7 0
11 17
3 11
0 0
8 15
5 5
14 8
10 5
10 4
16 3
1 11
6 16
15 18
2 4
2 15
2 5
4 13
17 10
5 6
11 12
18 0
9 18
18 7
12 4
4 16
7 5
1 19
9 8
7 12
18 4
13 17
18 14
11 19
3 2
2 2
9 6
10 11
13 0
17 4
16 17
13 12
14 10
6 19
17 16
6 15
5 10
19 2
15 8
14 17
3 3
17 18
12 19
6 4
11 6
4 9
13 15
18 15
1 9
5 13
10 8
12 17
8 8
19 8
0 1
6 7
19 18
1 1
15 19
1 5
1 15
10 9
0 12
19 15
13 5
3 4
17 14
14 6
9 5
8 10
3 15
19 14
11 0
16 16
18 19
4 12
7 11
5 14
2 10
2 17
17 7
16 5
9 10
6 8
14 7
11 13
7 18
13 4
11 16
2 19
3 0
17 6
15 5
13 7
16 18
6 14
13 16
0 9
3 17
9 12
7 6
16 1
12 3
12 14
5 12
10 15
13 10
2 16
12 7
3 13
11 10
12 12
19 3
8 12
1 0
8 13
5 8
13 11
14 14
5 4
4 10
10 14
15 11
12 0
3 16
1 3
16 6
7 9
1 2
3 7
4 11
13 2
10 3
4 15
9 2
16 13
4 19
17 8
16 10
19 12
10 1
19 0
18 5
4 3
12 13
12 2
4 14
8 11
16 12
3 19
18 13
6 0
18 16
12 11
6 12
2 0
15 6
3 14
9 9
13 14
11 1
17 19
3 6
8 14
10 16
19 19
18 9
0 16
11 8
5 7
6 9
7 7
2 12
8 4
6 17
0 5
18 11
9 7
0 11
14 15
14 11
6 1
19 7
8 3
7 19
7 13
0 2
2 8
14 16
11 18
14 2
5 16
5 1
17 9
5 17
4 18
14 4
13 19
7 2
0 14
16 11
9 3
1 16
0 18
0 4
8 18
17 12
13 9
17 11
13 18
7 1
9 0
12 8
4 1
18 2
0 8
13 6
17 0
14 5
8 19
1 17
16 0
12 16
5 18
17 2
16 15
18 12
11 11
6 18
1 18
5 11
17 1
7 14
9 15
11 2
14 1
7 4
7 17
15 0
13 13
4 17
10 7
3 8
12 5
11 14
7 8
0 13
19 6
16 8
15 10
15 15
8 5
14 0
