19 215 8446
000000000000000000
000000000000000000
001000000000000000
001000000000000000
001000000000000000
001000000000000000
001000000000000000
001000000100000000
001000000100000000
001000000100100001
001011000100100001
001011000100000001
001011000100000001
000011000100000101
000011000100000101
000011000100000101
000011000100000101
000011000100000100
000011000100000100
0000000000000000000
1111111100000111111
0000000000000000000
0000000000000000111
0000000000111111111
0000000000000000000
0000000000000000000
0000000000111000000
0000000000000111111
0000000000000000000
0000000000000000000
0000100000000000000
0000000000000000000
0000000000000000000
0011100000000000000
0000000000000000000
0000000000000000000
0001100000000000000
17 9
4 6
0 2
1 13
10 13
0 16
18 0
10 3
6 14
10 2
13 16
9 5
0 18
18 10
10 8
3 10
17 1
7 15
6 6
7 1
10 1
4 18
11 10
7 2
12 17
3 1
0 12
12 4
7 5
14 16
16 7
12 9
10 9
16 12
4 11
16 11
6 11
16 3
10 11
18 3
14 6
15 16
9 9
2 5
14 8
11 16
5 5
6 15
17 5
1 8
1 2
11 5
1 3
3 8
10 5
16 15
6 2
8 18
4 0
14 9
4 3
16 10
7 11
9 8
2 4
5 2
11 7
14 18
16 6
7 12
17 3
12 11
2 6
13 13
2 13
1 4
5 6
5 12
7 0
4 5
15 12
8 0
1 15
7 16
11 0
2 18
12 1
14 7
7 3
0 9
1 18
5 15
3 12
11 6
15 1
1 9
18 9
17 18
10 7
12 18
10 6
11 4
0 8
17 2
14 4
15 17
12 0
12 7
7 10
8 9
4 2
17 16
2 7
14 17
12 6
15 11
15 0
9 7
7 13
2 12
4 7
18 17
18 18
6 10
17 8
14 15
18 12
9 3
16 14
5 11
13 2
11 8
0 6
18 6
4 15
8 14
0 4
0 13
3 0
1 5
3 5
13 15
9 1
10 0
6 12
15 9
0 0
3 3
9 0
5 13
2 3
7 6
5 0
13 1
6 16
14 10
3 15
5 17
17 0
16 0
3 6
4 12
0 7
0 5
9 16
2 9
13 7
1 7
11 11
7 9
11 17
12 13
9 10
0 14
4 14
2 1
14 0
5 14
15 14
18 16
13 12
7 14
17 4
4 13
11 3
2 2
15 3
13 18
1 11
11 18
15 5
15 13
5 18
13 17
5 16
2 17
14 3
15 8
4 10
17 7
0 10
0 15
4 4
13 8
3 9
9 18
14 2
15 2
0 3
6 0
18 11
11 12
3 2
18 2
6 18
