15 75 1144
00000000000000
00000000000000
00000000000000
00000000000000
00000000000000
00000000000000
00000000000000
00000000000000
00000000000000
00000000000000
00000000000000
00000000000000
00000000000000
00000000000000
00000000000000
000000000000000
000000000000000
000000000000000
000000000000000
000000000000000
000000000000000
000000000000000
000000000000000
000000000000000
000000000000000
000000000000000
000000000000000
000000000000000
000000000000000
7 4
2 10
7 6
5 3
12 6
10 12
14 13
5 10
0 4
12 12
10 4
5 8
13 9
1 11
7 8
2 0
8 6
0 11
13 14
9 8
4 14
8 14
14 6
9 14
9 3
3 12
14 5
9 6
1 4
11 6
9 0
0 0
12 13
10 11
4 10
1 0
2 12
2 3
6 9
13 7
8 1
11 7
10 7
8 12
3 1
12 4
4 3
5 7
3 6
4 0
8 9
3 8
6 1
13 10
11 1
1 5
3 5
14 8
5 2
3 10
12 10
11 0
11 3
1 1
8 7
4 4
0 13
14 2
0 12
7 0
1 13
7 1
8 10
9 7
10 6
