15 217 3044
00000000000000
00000000000000
00000000000000
00000000000000
00000000000000
00001000000000
00001000000000
00001000000000
00001000000000
00001000000000
00001000000000
00001000000000
00000000000000
00000000000000
00000000000000
000000000000000
000000000000000
000000000000000
000000000000000
111111000000000
000000000000000
000000000000000
000000000000000
000000000000000
000000000000000
000000000000000
000000000000000
000000000000000
000000000000000
1 4
11 7
12 11
7 13
3 14
14 7
7 12
12 2
2 13
4 5
3 0
11 11
6 13
3 7
0 7
8 9
4 12
5 5
4 3
4 9
7 9
13 0
12 4
13 10
11 1
11 6
9 8
10 5
11 12
4 14
13 7
6 3
2 10
14 13
10 6
5 14
9 6
6 6
13 11
0 0
9 5
7 7
3 11
7 14
13 14
6 4
5 6
7 3
14 3
3 8
12 6
7 10
5 2
3 9
9 9
0 6
2 6
4 4
6 10
10 0
11 9
2 12
6 14
11 14
12 0
3 4
7 2
14 12
9 2
14 6
0 3
14 14
13 6
1 9
14 0
11 10
13 3
0 13
6 11
4 1
5 13
1 13
1 8
13 4
1 7
2 3
13 5
9 7
10 9
6 0
9 1
9 13
5 0
5 10
4 8
8 2
14 4
7 1
13 2
8 0
4 13
14 8
3 5
3 10
14 9
10 7
12 9
7 11
0 14
8 5
0 12
11 4
13 8
8 4
0 8
10 14
5 9
11 0
1 1
6 8
11 3
11 5
7 0
1 2
5 12
8 12
4 11
3 1
12 7
6 7
1 5
1 10
13 1
8 11
5 1
11 8
13 13
10 8
3 2
12 8
2 9
3 13
10 13
4 0
2 0
10 4
6 5
10 11
9 12
14 10
12 3
0 5
4 10
4 2
14 1
13 12
5 7
5 3
4 7
10 10
2 8
6 9
12 1
12 10
0 11
2 7
1 14
12 12
8 14
14 11
12 13
7 5
2 4
9 3
0 9
5 11
5 4
2 2
3 3
4 6
2 5
1 11
6 2
11 2
8 7
10 1
13 9
0 10
1 0
7 4
14 5
8 8
2 1
6 12
9 11
3 12
2 14
2 11
0 4
8 6
7 6
1 12
12 14
0 2
10 3
9 14
3 6
9 4
8 13
1 3
8 10
0 1
1 6
9 0
6 1
10 12
11 13
