18 322 6978
01000001100000001
01000100100000001
01000100100000001
01000100000000001
00000100000000000
00000100000100001
00000000000110001
00000000000010000
00000000000010000
00000000000010000
00000000000010100
00000000000010100
00000000000010100
00000000000010100
00000000000010100
00000000000000100
00000000000000110
00000000000000110
000000000000000000
000000000000000000
000000000000000000
000000000000000000
000000000000000000
111111110000000000
000000000111111111
000000000000000000
000000000000000000
000000000000000000
111111111111000000
000000000000000000
000000000000000000
111100000000000000
000000000000000000
000000000000000000
000000000000000000
4 12
0 16
3 10
3 16
8 4
1 5
3 5
3 15
16 16
5 7
9 10
16 13
5 2
12 7
15 14
11 2
16 15
8 2
6 15
10 13
2 17
9 9
11 15
3 7
14 11
11 5
10 15
7 8
6 0
2 16
16 5
3 17
11 9
3 12
7 4
4 6
0 0
2 7
17 1
17 16
5 6
11 7
16 11
13 15
1 2
7 13
17 4
2 15
8 12
15 3
8 9
3 13
8 11
0 17
1 12
13 13
10 12
3 4
6 6
6 10
9 3
11 6
6 9
9 6
8 0
12 9
8 3
7 1
8 1
1 0
3 3
0 6
11 8
14 3
1 3
12 5
14 13
13 12
0 9
17 0
9 16
4 13
14 5
1 14
10 11
7 0
16 4
12 11
1 17
1 8
5 1
5 8
5 10
10 3
5 13
11 17
5 15
17 9
9 14
12 4
16 1
16 7
7 7
0 13
14 0
16 2
4 14
4 8
9 7
9 8
13 3
6 16
10 6
12 1
13 8
13 9
2 12
0 7
5 0
5 12
3 6
17 3
17 5
10 14
11 4
3 14
8 8
2 11
14 7
2 14
10 0
13 6
17 13
7 12
3 1
10 8
9 5
15 10
14 4
2 3
7 15
4 16
6 3
10 4
17 8
11 16
1 9
1 7
1 4
12 3
6 5
10 17
13 5
12 17
16 6
14 12
0 14
17 10
11 0
15 13
9 2
15 16
4 10
5 17
13 14
17 15
13 16
7 5
17 11
17 12
12 6
4 7
7 2
6 12
11 13
8 17
11 1
10 1
10 9
13 2
2 13
2 2
5 3
10 5
13 1
9 17
13 4
15 8
4 11
16 0
9 1
14 2
16 8
6 13
16 12
12 10
0 10
14 10
1 10
4 1
2 8
0 2
6 4
9 0
0 1
4 4
0 5
7 6
6 1
17 17
1 1
16 3
11 14
4 5
12 15
5 16
15 17
16 10
15 0
17 7
15 9
15 6
11 3
14 16
1 15
0 3
17 6
4 2
11 11
5 9
12 0
4 17
17 14
12 8
7 9
12 16
17 2
6 17
5 5
8 16
12 12
5 14
0 15
15 7
14 1
13 7
0 12
4 9
10 2
12 2
8 5
2 1
8 6
3 8
0 11
7 16
2 10
15 5
6 11
15 15
14 9
13 0
6 14
7 14
10 7
14 15
14 14
8 7
0 8
1 11
10 10
15 11
6 7
15 2
3 0
16 17
6 2
3 9
4 0
9 15
1 13
8 13
10 16
16 9
0 4
3 11
14 8
4 3
2 0
7 3
12 13
6 8
7 17
5 11
12 14
11 10
8 10
2 4
1 6
9 11
15 4
8 14
2 5
5 4
9 13
4 15
13 10
2 6
9 12
15 12
8 15
7 10
2 9
1 16
7 11
14 17
15 1
9 4
16 14
3 2
14 6
13 11
