13 167 3144
000101100000
000100100000
000000110000
000000110000
000000110000
000000110000
000100110000
000100010000
000000010000
000000010000
000000010000
000000010000
000000010000
0000000000000
0000000001111
0000000000000
0000000000000
0000000000000
0000000000000
0000000000000
1111000000000
1111000000000
0000000000000
0000000000000
0000000000000
4 5
1 3
8 3
8 11
3 1
4 1
2 8
6 2
7 1
10 6
3 5
10 11
12 12
11 0
8 6
6 9
4 6
12 5
0 1
0 12
9 11
9 8
1 5
6 8
12 1
11 2
2 12
0 4
9 5
0 3
8 1
1 6
9 2
0 10
8 0
4 10
10 2
2 10
8 7
6 12
7 4
4 11
1 9
5 12
3 10
8 9
9 7
3 8
6 11
7 5
3 7
11 9
7 3
6 7
5 10
11 3
0 2
4 0
1 12
7 8
11 12
9 4
0 5
5 6
6 6
9 9
10 5
4 7
2 0
12 0
3 2
6 10
4 9
2 1
2 11
8 5
7 0
5 5
8 8
10 8
6 3
2 2
2 5
2 6
2 9
0 0
11 4
5 11
1 0
10 10
1 4
11 8
9 6
3 12
1 8
4 8
6 5
4 12
0 6
10 9
5 7
12 6
11 1
12 7
1 10
9 12
9 0
1 7
0 7
2 4
5 9
0 9
10 7
5 0
7 7
11 6
10 4
2 7
8 12
4 3
9 1
5 2
3 3
6 4
6 0
10 0
11 10
12 9
7 6
9 10
10 3
7 10
11 5
6 1
8 10
7 2
12 11
1 11
12 10
5 4
10 1
3 6
1 1
12 3
5 8
11 11
3 4
3 11
10 12
8 2
3 0
0 8
11 7
0 11
7 9
12 2
1 2
8 4
4 2
4 4
5 1
9 3
3 9
12 4
5 3
12 8
7 12
