15 158 4301
00100100001010
00100100001010
00100101001010
00000101001010
00000101001010
00000101001000
00000101001000
00000001001001
00000001001001
00000001001001
00001001001001
00001001001001
00001001001001
00001001001001
00001001000001
000000000000000
000000000000001
000000000000000
000000000000000
000000000000000
000000000000000
000000000000000
100000000000000
000011110000000
000000000000000
000000000000000
000000000000000
000000000000000
000000000000000
8 3
9 14
0 8
1 1
10 12
11 6
14 1
5 2
6 2
14 12
4 6
9 11
10 10
10 2
5 5
7 1
8 6
6 0
2 1
10 1
3 12
14 4
0 10
2 9
14 10
11 1
1 2
10 8
12 1
8 4
10 4
13 12
3 10
7 12
9 13
1 8
11 13
0 5
13 1
13 0
5 12
6 10
2 2
2 6
9 10
2 0
14 3
8 9
10 11
8 2
7 4
0 4
11 3
14 7
6 12
11 5
1 12
6 5
3 11
5 3
6 4
6 9
12 8
2 11
11 12
8 0
8 10
6 11
9 3
9 1
3 9
10 3
1 14
3 4
12 6
7 7
14 11
9 4
5 11
12 7
11 8
4 12
11 10
9 8
5 14
6 1
14 6
2 13
1 6
5 10
8 1
6 13
10 14
4 8
1 3
7 10
13 14
1 9
12 10
9 0
10 7
2 5
10 5
13 3
7 9
3 7
12 11
0 14
7 8
0 13
12 4
12 5
1 0
12 2
9 6
8 11
2 8
4 2
6 7
11 7
4 7
4 14
1 10
14 9
11 0
3 0
5 9
6 14
11 4
7 5
0 6
5 7
6 6
12 9
4 1
8 13
4 10
1 11
4 3
3 3
7 0
9 7
5 8
2 4
3 6
0 11
13 5
14 0
13 10
2 14
7 3
2 10
10 9
12 14
0 12
13 8
7 2
4 5
