18 181 4882
00000000000000001
00000000000000001
00000000000000001
00000000000000001
00000000000000001
00000000000000001
00000100000000001
00000100000000001
00001100000000001
00001000000000001
00001000000000001
00001000000000000
00001000000000000
00001000000000000
00001000000000000
00001000010000000
00001000000000000
00001000000000000
000000000000000000
000000000000000000
000000000000000000
000000000000000000
000000000000000000
111111111111111000
000000000000000000
000000000000000000
000000000000000000
000000000000000000
000000000000000000
000000000000000000
000000000000000000
000000000000000000
000000000000000000
000000000011111111
000111110000000000
0 15
7 2
0 14
9 4
2 17
4 4
9 2
8 7
0 13
17 2
9 13
14 17
8 13
7 3
16 2
16 8
4 7
6 9
12 8
2 1
8 11
12 2
11 2
14 1
10 7
11 5
6 14
11 16
15 16
16 5
14 16
9 6
8 12
9 11
13 4
5 1
3 6
15 17
16 14
8 3
8 0
1 13
4 5
6 0
5 12
2 3
11 3
15 11
15 13
0 10
16 7
9 9
13 7
11 12
7 15
17 9
12 14
11 7
5 11
17 4
0 6
8 8
1 12
6 7
13 11
1 2
11 10
17 13
7 17
13 2
2 5
10 10
1 11
12 12
9 8
16 13
6 17
15 4
16 11
4 14
12 17
17 17
2 13
1 6
7 9
3 7
0 7
3 8
5 3
13 13
2 0
3 5
8 14
9 15
5 4
9 3
7 14
5 10
8 6
16 4
8 1
15 6
2 8
13 10
8 2
4 8
6 8
13 12
5 5
0 5
10 14
8 10
4 1
15 15
14 9
16 9
5 2
0 0
5 13
6 10
7 12
2 7
5 14
14 0
1 14
12 3
2 6
14 14
3 2
15 5
14 3
12 4
4 3
11 15
4 13
9 16
15 8
10 1
4 15
0 11
14 8
8 15
17 3
15 10
14 7
17 7
11 8
3 11
1 0
2 11
6 6
6 1
6 16
15 12
0 8
17 5
10 6
11 0
17 11
17 6
9 7
4 0
2 16
14 10
6 2
2 10
2 15
6 13
12 10
14 12
0 1
5 7
17 8
10 2
1 7
7 7
3 12
5 0
8 9
17 0
7 8
