13 85 1676
000000010000
000000010000
000000010000
000000010000
000010010000
000010010000
010010010000
010010010000
000000000000
000000000010
000000000000
000000000000
000000000000
0111111100000
0000000000000
0000000000000
0000111100000
0000000000000
0000000000000
0000000000000
1110000000000
0000000011111
1111111110000
0000001111111
0000000000000
12 1
7 10
9 4
0 5
9 7
4 7
3 7
8 9
10 2
1 3
8 2
5 7
7 4
0 6
9 2
0 7
8 8
8 5
5 6
2 10
9 11
8 4
11 10
6 0
6 8
10 0
3 3
9 5
12 2
12 4
11 0
11 1
8 7
0 10
8 10
8 0
7 7
6 4
2 5
4 12
1 5
3 0
5 2
9 12
2 12
2 7
9 8
7 3
0 8
1 12
8 12
3 11
0 1
4 11
6 9
2 4
11 3
6 1
0 11
10 6
4 9
2 6
10 8
11 7
3 12
3 8
11 12
12 10
5 4
5 10
8 6
8 1
0 12
1 6
10 4
3 4
2 2
0 2
12 3
12 12
6 5
10 10
2 1
4 1
1 1
