14 68 1943
0000001000000
0000001000000
0000001000000
0000001000000
0000001000000
0000001000000
0000001000000
0000000000000
0000000000000
0000000000000
0000000000000
0000000000000
1000000000000
1000000001000
00000000000000
00000000000000
00000000000011
00000000000000
00000000000000
00000000000000
00000000000000
11111000000000
00111111111111
00000000000000
00000000000000
00000000000000
00000000000000
9 7
2 2
1 11
5 3
8 8
1 0
4 12
1 6
1 8
10 0
6 10
12 3
2 13
3 4
8 11
13 0
10 13
10 2
6 2
9 12
3 0
3 8
13 6
11 11
1 4
13 9
11 8
1 10
0 1
4 9
10 11
6 6
10 4
10 6
0 8
4 10
0 2
12 10
10 3
6 1
2 11
6 0
6 13
12 5
11 6
4 7
2 3
3 5
12 11
13 8
11 12
8 4
3 9
9 11
6 3
7 7
3 13
6 11
12 13
1 9
9 6
8 5
12 4
12 2
4 3
2 12
9 9
9 8
