13 83 1729
101000100000
101001100000
001001100000
000001101000
000001100000
000000100000
000000100000
000000000000
000000000000
000000000000
000000000000
000000000000
000100000000
0000000000000
0000000000000
0000000001111
0000000000000
0011111000000
0000000011111
0000000000000
0000000000000
1111110000000
0000000000000
0000000000000
0000000000000
1 12
3 2
7 4
11 7
10 7
10 11
7 1
0 9
4 1
2 11
0 7
7 0
12 1
4 11
12 2
9 8
6 4
11 9
8 4
7 7
0 10
5 12
8 12
3 10
4 5
12 6
9 6
9 2
10 10
10 4
6 9
12 9
1 8
6 5
12 8
11 12
1 10
12 10
1 3
4 12
1 9
4 7
5 0
0 1
7 3
6 0
10 12
2 6
7 10
2 10
7 8
1 1
6 10
10 1
10 9
8 10
11 2
3 11
4 9
6 7
12 11
9 3
8 8
7 2
8 9
5 7
9 1
6 6
10 5
9 0
5 5
6 1
2 2
8 3
10 6
3 8
5 11
2 5
9 12
3 1
4 3
0 3
12 4
