11 94 2457
0000000001
1000000001
1000000001
1000000001
1000010001
1000010100
1010000100
0000000000
0000000000
0000000000
0000000000
01111110000
00000000000
00000000000
00001111110
00000000000
00000000000
11111111110
00000000000
11111000000
00000000000
9 5
8 1
1 6
1 1
6 3
5 1
10 10
9 3
2 8
2 2
3 2
8 9
7 5
7 6
4 3
0 3
5 6
2 3
3 7
4 5
0 1
10 7
6 2
6 7
6 4
1 2
1 0
2 5
2 7
0 10
10 0
4 0
9 0
3 4
9 7
3 3
6 0
10 1
5 8
4 6
6 10
0 0
9 10
5 7
3 10
0 2
10 8
4 7
4 1
2 1
7 9
1 8
5 2
7 10
8 3
10 2
1 7
8 2
7 1
3 9
10 9
10 3
6 8
7 3
9 4
9 9
0 5
0 6
1 5
8 7
9 8
4 8
3 6
9 2
5 3
2 4
2 9
7 0
3 5
3 1
4 9
5 5
0 4
0 9
1 3
5 10
8 8
2 6
4 2
6 1
7 4
7 8
9 1
7 7
