16 59 1499
010000000000000
010000000000000
010000000000000
000000000000000
000000000000000
000000000000000
000000000000000
000000000000000
000000000000000
000000000000000
000000000000000
000000000000000
000000000000000
000000000000000
000000000000000
000000000000000
0000000000000000
0000000000000000
0000000000000000
0000000000000000
0000000000000000
0000000000000000
1111111111111100
0000111111111111
0000000000000000
0000000000000000
0111111111111111
0000000000000000
0000000000000000
0000000000000000
0000000000000000
5 14
10 6
13 10
8 9
1 10
1 11
4 6
13 5
8 13
0 2
14 11
6 15
12 15
12 8
8 1
12 0
11 8
9 9
8 0
8 7
5 1
12 7
14 4
1 0
5 9
13 8
1 13
3 5
14 10
10 12
14 14
13 4
3 3
11 11
12 2
10 2
13 6
14 13
13 11
5 2
10 14
10 9
4 5
11 15
15 14
10 7
6 11
0 11
15 2
9 8
15 13
5 15
3 1
5 8
7 15
6 10
14 1
14 15
0 13
