17 137 2938
0000000000000000
0001000000000000
0000000000000000
0000000000000000
0000000000000000
0000000000000000
0000000000000000
0000000000000000
0000000000000000
0000000000000000
0000000000000000
0000000000000000
0000000000000000
0000000000000000
0000000000000000
0000000001000000
0000100001000000
11111110000000000
00000000000000000
00000000000000000
00000000000000000
00000000000000000
00000000000000000
00000000000000000
00000000000000000
00000000000000000
00000000000000000
00000000000000000
00000000000000000
00000000000000000
00000000000000000
00000000000000000
00000000000000000
2 14
13 10
7 3
13 12
1 1
0 3
1 7
16 16
9 2
12 8
15 16
12 0
10 8
15 15
3 0
5 3
7 11
7 0
14 2
2 2
16 9
10 14
11 6
1 2
9 4
16 3
13 1
2 6
11 8
10 10
6 11
10 15
15 6
5 6
11 12
3 9
5 13
11 11
9 11
10 16
14 3
8 9
1 8
6 7
15 5
4 0
12 1
14 7
6 2
14 8
16 10
16 5
13 14
11 13
4 1
6 8
11 2
3 2
15 1
12 14
0 12
11 9
16 1
7 16
3 8
3 12
5 7
5 10
16 8
8 6
3 10
2 0
12 6
3 7
5 9
0 15
0 13
15 9
13 3
10 5
3 1
12 10
8 14
13 2
6 5
9 14
7 5
11 3
10 2
6 12
8 0
9 5
12 4
15 4
12 7
3 5
8 5
14 12
16 0
4 8
9 10
13 6
0 9
7 1
1 10
11 14
1 11
15 13
15 7
10 11
7 9
10 4
9 9
4 3
8 1
2 7
11 1
16 14
7 4
11 16
5 1
12 3
7 10
5 15
8 3
0 11
4 12
7 14
4 6
13 9
12 16
15 2
0 0
4 16
14 15
5 14
14 9
