10 73 782
000000000
000000000
000000000
000000000
000000000
001000000
001100000
001100000
001000000
001000000
0000000000
0000000000
0000000000
0000000000
0000000000
0001111100
0000000000
0000000000
0001111100
4 5
5 9
0 9
5 8
3 2
7 4
8 4
4 8
6 7
9 5
4 2
6 1
6 8
3 5
8 1
3 9
1 3
5 4
5 1
4 6
7 0
3 3
9 4
4 1
0 6
5 3
3 4
5 5
4 9
0 0
2 3
1 6
3 7
5 7
0 8
6 6
2 2
8 0
7 7
8 8
8 3
7 5
1 5
7 3
9 7
0 2
4 3
8 6
2 8
9 0
1 8
6 0
2 6
9 6
2 4
9 9
4 4
9 2
1 2
8 2
2 7
7 2
8 9
0 7
1 1
5 6
7 8
9 3
2 9
5 0
7 6
1 7
0 4
