15 76 1478
00000000000000
00000000000000
00000000000000
01000000000000
00000000000000
00000000000000
00000000100000
00000000100000
00000000100000
00000000100000
00000000100000
00000000100000
00000000000000
00000000000000
00000000000000
000000000000000
000000000000000
000000000000000
111111100000000
000000000000000
000000000000000
000000000000000
000000000000000
000000000000000
000000000000000
000000000000000
111111111111100
000000000000000
000000000000000
2 14
9 13
8 9
1 12
11 1
4 10
5 4
10 10
3 5
11 2
5 2
3 9
1 1
14 14
7 9
12 0
13 4
13 9
6 6
6 7
11 13
9 6
9 4
11 11
8 3
12 10
14 7
13 10
10 9
2 6
14 4
3 8
13 8
1 11
3 11
6 1
10 1
13 2
14 10
14 6
9 2
0 9
12 11
2 9
0 4
0 6
5 6
1 6
5 1
14 1
8 10
3 1
7 13
7 1
3 6
13 14
5 7
9 10
2 4
3 10
9 0
9 3
1 5
2 2
5 3
13 11
12 9
0 1
5 11
6 13
10 13
4 6
0 13
3 2
3 7
2 1
