15 54 2144
00001100000001
00000100000000
00000100000001
00000100000001
00000100000001
00000100000001
00000100000001
00000000000001
00001100000001
00001100000001
00001100000001
00011100100001
00010100100001
00010000100000
00010000100000
000000000001110
000000000000111
000000000000000
000000000000000
000000111111000
000000000000000
111110000000000
011111111111110
000000000000000
110000000000000
000000000000000
000000000000000
000000000000000
000000000000000
11 3
7 3
4 12
10 13
12 13
2 12
5 7
6 3
2 3
9 2
4 13
4 0
7 2
0 9
12 12
14 14
4 7
2 14
9 11
11 6
1 9
11 5
9 8
9 10
14 10
2 11
13 2
6 9
8 14
7 12
0 8
1 3
6 2
13 10
14 0
11 4
2 10
2 1
11 9
12 6
7 9
4 11
7 5
8 5
9 7
5 8
11 0
8 11
12 8
14 3
6 14
1 13
11 10
6 13
