19 227 4556
100000000000000000
100000000000000000
100000000000000000
100000000000000000
000000000000000000
000000000000000000
000000000000000001
000000000000000001
000000000000000101
000000000000000101
000000000000000101
000000000000000111
000000000000000111
000000000000000111
000000000000000111
000000000000000111
000000000000000111
000000000000000111
000000000000000111
0000000000000000000
0000000000000000000
0000000000000000000
0000000000000000000
0000000000000000000
0000000000000000000
0000000000000000000
1111111111111000000
0000000000000000000
0000000000000000000
0000000000000000000
0000000000000000000
0000000000000000000
0000000000000000000
0000000000000000000
0000000000000000000
1111111100000000000
0000000000000000000
16 14
8 17
13 9
5 18
15 4
0 3
2 4
11 8
16 6
2 5
12 4
16 12
4 3
10 16
4 0
10 15
9 4
14 4
8 9
9 2
6 2
16 4
12 0
3 6
14 6
17 11
10 2
7 17
10 13
15 11
16 9
0 12
18 4
6 8
0 16
1 13
8 16
1 4
16 3
14 17
1 8
3 16
2 18
13 16
18 14
9 17
5 0
7 11
11 5
0 0
9 3
9 14
18 16
10 11
9 5
15 6
2 15
0 5
11 2
2 3
6 14
5 14
16 1
3 5
9 15
3 4
7 8
1 10
3 0
14 12
0 10
4 14
1 0
7 13
6 12
12 18
10 4
9 8
16 8
7 18
10 0
0 18
18 6
5 9
4 11
4 1
4 10
10 12
8 2
17 14
6 17
7 3
5 3
15 2
15 13
3 11
7 9
7 4
6 9
17 17
3 3
17 13
8 10
15 10
3 18
11 6
2 8
12 17
8 5
16 10
16 16
17 0
15 7
16 17
0 15
5 2
9 10
15 1
7 12
13 13
15 5
3 15
0 6
4 18
8 6
17 16
5 7
15 18
8 18
1 7
13 15
2 13
0 13
11 15
5 16
1 16
14 3
14 2
11 1
11 0
15 3
8 15
17 9
10 10
4 7
16 5
13 6
2 16
5 8
8 7
12 7
8 11
11 10
9 18
12 11
4 16
10 7
15 15
13 1
7 0
2 2
15 8
0 17
12 6
18 3
11 3
16 11
14 16
5 12
5 4
14 11
14 14
10 1
18 18
5 6
18 0
6 6
13 8
11 4
4 9
6 3
11 17
4 15
3 12
12 1
18 15
12 12
2 12
6 16
12 10
8 1
1 1
7 6
10 18
18 11
1 2
17 2
9 7
9 9
8 12
12 16
11 7
17 3
1 14
9 6
12 15
17 12
7 5
9 11
0 2
4 6
14 1
2 7
11 18
4 8
9 1
18 12
5 17
10 3
14 10
11 9
12 9
6 4
16 13
7 15
1 9
2 9
