19 117 1630
000000000000000000
000000000000000000
000000000000000000
000000000000000000
000000000000000000
000000000000000000
000000000000000000
000000000000000000
000000000000000000
000000000000000000
000000000000000000
000000000000000000
000000000000000000
000000000000000000
000000000000000000
000000000000000000
000000000000000000
000000000000000000
000000000000000000
0000000000000000000
0000000000000000000
0000000000000000000
0000000000000000001
0000000000000000000
1111111111000000000
0000000000000000000
0000000000000000000
0000000000000000000
0000000000000000000
0000000000000000000
0000000000000000000
0000000000000000000
0000000000000000000
0000000000000000000
0000000000000000000
0000000000000000000
0000000000000000000
16 8
4 10
10 16
3 1
3 7
8 10
11 11
14 15
14 1
15 2
2 4
5 17
0 15
0 6
18 1
18 7
7 1
9 5
7 2
5 0
0 17
11 13
3 8
15 6
11 16
0 5
13 8
13 5
16 1
10 18
8 15
4 15
2 2
14 5
2 16
8 4
5 6
3 0
8 1
7 12
10 4
14 18
3 3
12 6
12 5
3 11
0 13
9 18
16 5
16 12
2 0
10 14
17 12
5 14
16 17
14 12
15 7
12 16
5 3
0 18
7 6
13 11
14 10
12 18
10 0
17 16
8 8
1 8
18 16
0 12
2 15
1 6
8 13
14 9
16 15
18 6
5 4
5 15
9 2
5 1
13 12
12 8
0 10
9 0
9 15
2 18
2 3
17 3
7 11
10 3
4 13
15 4
6 12
2 5
10 9
9 6
0 7
18 8
10 11
1 5
1 3
5 11
1 12
17 9
9 14
4 0
12 15
5 7
4 14
0 14
6 14
1 10
15 11
17 8
8 16
13 16
7 3
