14 38 642
0000000000000
0000000000000
0000000000000
0000000000000
0000000000000
0000000000000
0000000000000
0000000000000
0000000000000
0000000000000
0000000000000
0000000000000
0000000000000
0000000000000
00000000000000
00000000000000
00000000000000
00000000000000
00000000000000
00000000000000
00000000000000
00000000000000
00000000000000
00000000000000
00000000000000
00000000000000
00000000000000
12 5
3 5
9 7
0 12
13 1
5 0
4 13
5 11
2 0
10 5
5 7
4 7
8 12
0 4
13 12
5 3
6 7
13 9
11 4
13 10
9 10
6 6
9 2
12 13
7 7
1 0
9 0
6 3
12 1
0 10
10 3
6 11
5 9
9 5
11 3
8 13
6 0
0 9
