13 150 1674
000000000000
000000000000
000000000000
000000000000
000000000000
000000000000
000000000000
000000000000
000000000100
000000000100
000010000100
000010000100
000010000100
0000000001111
0000000000011
0000000000000
0000000000000
0000000000000
0000000000000
0000001111111
0000000000000
0000000000000
0000000000000
0000000000000
0000000000000
6 8
5 8
6 4
3 10
0 9
9 6
5 9
7 1
12 5
4 5
9 7
12 11
4 4
2 8
2 11
3 9
12 10
0 5
12 8
1 2
2 6
11 1
0 11
7 0
9 9
9 1
8 1
3 12
12 2
12 12
9 10
6 1
11 8
9 8
7 8
11 7
3 1
1 3
1 8
0 8
12 1
11 3
2 12
2 1
12 9
0 6
5 5
3 2
10 6
7 10
5 10
2 2
2 4
3 7
7 6
11 2
4 0
2 3
10 2
9 0
8 0
5 7
4 12
3 4
12 7
8 6
8 11
9 11
3 6
8 2
6 0
7 12
10 4
9 2
10 11
3 11
9 12
2 10
10 12
6 11
1 6
6 10
8 4
5 4
6 7
0 1
10 9
1 4
0 12
12 6
7 3
4 3
0 3
11 6
11 5
3 8
8 9
9 4
5 0
10 0
5 12
1 7
5 3
1 11
1 0
10 1
4 11
0 2
10 8
12 3
7 9
11 12
3 5
5 2
3 0
8 8
8 5
4 8
7 5
8 7
12 4
2 0
2 7
2 9
6 12
6 2
11 4
8 3
7 7
8 12
4 7
11 9
0 4
1 10
7 4
1 1
8 10
11 0
0 10
11 11
1 9
6 6
1 5
3 3
10 10
12 0
1 12
5 1
10 7
2 5
