17 201 6828
0000000000000001
0000001000000001
0000001000000001
0000000000000001
0000000000000001
0010000000000001
0010000000000001
0010000000000001
0010000000000001
0010000000000001
0010000000000001
0010000000000000
0010000001000000
0010000001010000
1000000001010000
1000000001010000
0000000001010000
00000000000000000
00000000000000000
11111110000000000
00000000000000000
01111111111111110
00011111000000000
00011000000000000
00000000000000000
00001111111111110
00000000000000000
00000000000000000
00000000000000000
00000000000000000
00000000000000000
00000000000000000
11111110000000000
1 15
11 3
8 10
2 9
10 5
16 6
7 12
10 1
15 14
10 8
5 8
3 8
15 3
1 8
2 14
12 10
15 12
8 9
12 12
13 5
15 6
4 8
14 15
6 0
12 16
8 1
4 13
3 0
5 1
3 4
14 14
13 15
13 6
14 5
6 3
3 12
15 10
11 0
16 5
15 9
5 6
2 2
16 14
5 5
3 7
14 6
11 9
12 9
5 3
0 16
11 8
6 11
10 9
11 10
1 2
0 7
3 14
5 10
4 11
15 16
13 10
8 16
13 1
16 11
5 4
16 4
13 0
13 3
6 15
7 15
15 13
15 1
0 2
7 5
16 2
5 0
13 4
4 3
6 10
7 13
6 2
0 15
4 6
3 1
7 14
6 12
8 5
2 10
14 12
1 3
13 2
7 8
0 3
3 6
0 5
9 9
9 15
1 16
15 5
2 4
8 2
14 13
2 6
6 8
11 16
16 10
14 9
8 7
16 16
9 10
2 13
0 9
7 1
8 14
8 12
16 9
0 11
9 2
1 10
16 12
8 3
5 11
6 4
15 8
10 12
4 1
0 13
7 7
6 6
10 2
7 3
14 4
15 11
1 0
12 15
0 1
8 0
4 12
4 2
15 0
7 10
1 9
9 4
10 10
11 4
14 11
14 2
0 4
5 16
8 13
14 8
10 14
0 6
2 5
9 12
16 7
8 8
7 16
15 15
5 7
1 11
11 7
11 14
13 9
9 7
1 6
4 9
6 1
3 10
14 16
4 10
1 14
7 11
14 10
9 16
4 15
10 13
0 12
0 8
15 7
5 13
6 14
10 4
10 15
16 8
9 11
11 13
12 8
5 14
3 5
14 0
12 3
6 9
7 2
7 4
6 7
3 13
4 14
3 9
11 11
11 2
