18 67 1723
00010000000000000
00010001000000000
00010101000000000
00010001000000000
00010001000000000
00010001000000000
00010001000000000
00010001000000000
00010001000000000
00011001000000000
00011001000000000
00010000001010000
00010000001010000
00010000001000000
00010000001001000
00010000001001000
00010000001001000
00000000000001000
000000000000000000
000001110000000000
000000000000000000
000000000000000000
111000000000000000
000000000000000000
000000000000000000
000000000000000000
000000000011111111
000000000000000000
000001111111111111
000000000000011110
000000000000000000
000000000000000000
000000000000000000
000000000000000000
000000000000000000
0 7
2 7
0 5
11 5
9 9
12 1
10 5
8 5
16 1
9 1
15 11
3 10
8 9
5 11
9 0
6 11
4 5
10 6
8 10
10 8
5 14
9 2
4 10
5 6
5 3
4 3
1 9
16 6
6 0
16 3
4 1
11 0
12 13
7 4
1 10
3 13
17 2
9 5
8 15
5 16
6 5
17 4
6 2
0 16
15 6
1 12
14 2
7 3
4 6
5 9
10 4
4 17
13 2
6 1
17 7
13 4
6 9
15 10
13 14
15 1
2 4
2 15
10 16
14 4
6 13
13 12
7 9
