12 103 1868
00001000000
00001000000
00001000000
00000000000
00000000000
00000000000
00000000000
00000000000
00000000000
00000000000
00000000000
00000000001
000000000000
000000000000
000000000000
000000000000
111111100000
000000000000
000000000000
000000000000
111110001111
000000000000
111111111100
0 5
11 9
4 1
10 7
7 2
9 8
10 3
4 6
8 5
0 3
3 1
7 6
0 6
7 10
3 10
4 3
1 6
4 4
10 11
11 11
10 1
0 0
8 8
1 8
9 0
10 5
7 5
6 0
11 3
2 2
2 0
3 6
8 3
6 4
6 3
2 9
9 6
8 2
7 3
8 10
0 2
6 11
5 3
2 1
8 0
11 1
10 10
1 11
9 1
8 6
10 6
6 2
11 2
3 11
3 8
1 3
9 5
4 2
1 9
7 9
8 7
10 9
11 0
5 10
5 4
4 10
5 6
2 6
6 8
10 8
2 8
0 1
6 1
6 5
11 6
0 4
7 0
4 5
5 0
2 11
7 8
10 2
4 11
10 0
4 7
11 5
11 4
9 11
1 0
11 8
5 11
2 7
5 1
2 4
0 10
10 4
0 11
7 7
1 7
9 2
3 3
3 7
1 4
