20 112 5787
0000000000000001000
0000000000000001000
0000000000000001000
0001000000000001000
0001000000000001000
0001000000000000000
0001000000000000000
0000000000000000000
0000000000000000000
0000000000000000000
0000000000000000000
0000000000000000000
0000000000000000000
0000000000000000000
0000000000001001000
0000000000001001000
0000000000001001000
0000000000001001000
0000000100001011000
0000000000001011000
00000000000000000000
00000000000000000000
00000000000000000000
00000000000000000000
00000000000000000000
00000111111111111111
11111111111110000000
00000000011111111111
00000000000000000000
11111111111111111110
11111111111111000000
00000000000000000000
00000000000000000000
00000000000000000000
00000000000000000000
00000000000000000000
11111111110000000000
00000000111110000000
00000000000000000000
4 10
19 8
8 19
4 6
19 12
7 12
11 10
11 0
6 19
17 7
12 18
19 14
12 15
4 12
10 15
10 18
3 11
4 7
10 3
9 12
9 6
13 2
7 13
15 9
10 12
5 17
16 9
2 18
6 18
17 12
10 5
16 7
17 19
4 2
15 4
14 19
7 9
7 17
5 15
2 2
5 16
8 9
1 12
0 1
9 4
5 14
4 5
10 2
18 7
6 7
0 13
1 5
8 8
10 8
18 13
7 15
10 13
12 11
1 17
0 9
14 9
3 4
17 6
11 13
1 0
9 16
13 14
8 0
3 6
11 6
14 16
18 10
9 8
17 3
17 0
2 14
3 16
8 7
5 12
7 5
3 17
13 3
2 7
5 8
7 4
16 3
3 2
13 1
3 7
15 16
0 14
7 16
12 6
4 13
13 5
6 8
11 9
3 5
12 14
13 11
17 14
10 6
11 18
4 15
19 10
19 6
10 4
18 0
4 17
12 10
10 9
2 5
