19 131 4315
000000000000000000
000000000000000000
000000000000000000
000000000000000000
000000000000010010
000000000000010010
000000000000010010
000000000001010010
000000000001010010
000000000001010010
000000000001000010
000000000001000010
000000000001000010
000000000001000010
000000000000000010
000000000000000010
000000000000000010
000000000000000010
000000100100000010
0000000000000000000
0000000000000000000
0000000000000000000
1111111111111110000
0000000000000000000
0000000000000000000
0000000000000000000
0000000000000000000
1111111111100000000
0000000000000000000
0000000000000000000
0000000000000000000
0000000000000000000
1111111111111100000
0000000000000111100
0000000000000000000
0000000000000000000
0111111000111111000
5 3
11 7
7 3
7 15
11 10
5 18
10 10
0 1
5 9
2 11
4 5
9 1
12 16
17 6
12 15
9 13
15 3
7 14
10 5
13 12
15 15
0 8
1 4
11 3
14 17
0 15
7 12
8 0
11 1
5 0
7 8
15 17
6 15
1 15
2 15
11 9
4 8
9 14
16 16
7 11
10 12
11 16
5 12
13 8
12 3
0 14
8 9
4 11
5 16
2 12
3 14
18 9
7 2
18 16
11 4
12 14
4 4
1 3
15 6
8 6
17 15
10 7
12 2
16 15
12 1
18 17
9 0
14 12
9 11
4 16
6 17
7 10
1 12
6 5
2 2
1 13
16 14
0 13
18 7
2 17
12 10
3 4
7 18
18 8
17 4
14 16
0 2
17 7
0 4
14 3
5 8
3 9
10 2
7 16
11 11
0 16
5 15
6 12
2 6
18 6
12 13
8 5
4 0
3 5
1 14
2 13
17 2
4 10
4 15
11 0
0 9
15 4
3 15
1 6
14 2
10 17
12 4
17 16
9 17
14 4
8 15
10 16
3 17
3 1
8 14
17 11
16 1
9 12
11 6
6 1
8 2
