17 137 4109
0010000100010000
0010000100010000
0010000100010000
0000000100010000
0010000100010000
0010000100010000
0010000100010000
0010000100010000
0010000100010000
0010000100010000
0010000000010000
0010000000010000
0010000000010000
0010000000010000
0010000000010000
0010000000000000
0010000000000000
00000000000000000
00000000000000000
00000000000011100
00000000000000000
00000000000000000
00000000000000000
00000000000000000
00000000000000000
00000000000000000
00000000000000000
00000000000000011
00000000000000000
00000000000000000
00000000000000000
00000000000000000
00000000000000000
11 16
13 13
0 4
13 10
16 5
12 0
11 6
13 16
16 15
14 13
3 5
6 2
2 15
8 14
15 7
2 7
8 12
8 15
4 11
11 3
7 14
7 12
13 1
6 14
4 9
13 4
16 12
5 12
16 2
15 13
0 0
10 15
7 13
16 4
5 3
12 7
2 10
15 3
13 15
6 0
7 16
2 0
3 6
15 2
1 11
4 10
0 6
12 4
8 6
9 4
10 9
10 11
6 15
12 13
16 14
2 11
8 11
12 8
10 13
16 6
4 2
8 9
1 1
14 0
13 0
10 8
4 15
11 11
8 1
7 3
16 8
6 9
16 9
13 8
12 9
5 11
15 11
4 8
1 4
11 5
3 13
1 6
8 8
2 5
11 14
12 1
14 6
6 16
2 3
4 7
11 13
5 14
4 3
3 8
5 15
6 12
9 1
9 15
1 16
14 11
0 12
11 12
15 14
3 15
1 3
4 14
0 11
16 11
2 16
15 10
3 2
6 6
2 6
7 0
15 16
12 3
10 12
4 6
3 3
12 14
14 9
10 4
13 6
11 9
0 7
12 11
6 1
2 4
8 2
13 3
4 1
15 6
7 10
10 5
3 16
14 16
11 10
