11 68 573
0000000000
0000000000
0000000000
0000000000
0000000000
0000000000
0000000000
0000000000
0000000000
0000000000
0000000000
00000000000
00000000000
00000000000
00000000000
00000000000
00000000000
00000011111
00000000000
00000000000
00000000000
6 10
6 2
10 10
10 1
10 8
5 1
6 1
1 10
3 6
8 10
10 4
6 0
3 8
10 3
4 5
8 9
8 7
6 5
3 9
9 1
6 6
0 6
8 8
7 0
1 1
2 6
9 4
9 9
4 2
7 6
3 4
2 8
7 1
2 7
7 9
1 8
0 5
10 9
8 3
8 6
2 9
9 3
2 4
0 9
6 8
5 6
10 0
10 2
9 10
3 1
3 3
4 3
4 0
7 10
4 8
3 5
4 7
1 0
8 5
0 7
5 4
7 4
4 6
2 3
8 2
9 5
6 4
7 5
