18 263 8244
00100110000000000
00000110000000000
00000110000000000
00000100000000100
00000100000000100
00000100000000001
00000100000000001
00000100000000001
00000100000000001
00000100000000000
00000100000000000
00000100000000000
00000100000000000
00000100001000000
00000100001000000
00000100001000000
00000000001001000
00000000001001000
000000011111110000
000000000000000000
000000000000111111
000000000000000000
000000000000001000
000000000000000000
000000000000000000
000000111111100000
000000000000000001
000000000000000011
000000000000000000
000000000000000000
000000000000000000
000000000000000000
000000000000000000
000000000000000000
111100000000000000
7 4
3 0
3 1
10 1
5 8
8 4
2 8
7 3
3 6
17 13
16 9
16 1
16 13
11 8
0 16
9 3
13 6
4 5
2 3
9 4
1 13
8 6
5 12
3 7
2 9
14 10
17 14
15 15
14 12
10 12
12 2
10 5
16 14
5 2
4 12
15 5
1 6
4 4
14 3
14 14
12 14
13 13
10 10
11 2
13 4
12 3
13 15
9 2
16 12
3 15
2 12
11 10
12 13
9 5
6 16
12 4
0 5
11 9
9 0
6 8
5 5
3 2
14 16
2 17
4 0
2 5
5 1
2 1
3 13
5 4
8 12
12 16
11 16
17 12
12 15
17 8
15 10
1 4
5 7
3 10
8 2
1 2
9 15
8 5
6 2
10 2
7 1
16 8
16 17
13 9
11 6
6 4
6 14
6 10
17 6
10 6
17 15
1 11
0 11
2 6
1 9
0 9
2 10
4 3
7 0
13 17
16 0
2 7
1 7
1 3
5 13
6 11
3 11
14 7
17 10
4 17
12 0
5 15
11 12
16 15
16 11
14 9
9 16
4 7
14 0
0 0
17 11
9 9
10 17
1 12
9 13
14 1
5 11
1 5
7 12
7 8
5 10
1 10
7 5
15 14
15 9
10 8
12 12
17 3
15 4
4 14
6 12
12 9
11 4
6 15
4 16
8 3
8 13
12 1
11 0
7 11
9 17
1 1
14 6
4 13
10 13
4 6
13 7
14 17
13 11
8 0
8 8
11 5
14 8
10 16
17 7
0 3
5 3
10 4
3 14
4 2
8 17
4 11
1 8
9 10
2 16
8 15
15 12
16 2
10 14
0 17
4 9
6 13
0 6
3 12
8 7
6 0
8 16
17 9
15 7
1 17
15 6
1 15
9 1
13 2
0 12
17 17
3 9
7 13
4 15
11 13
7 10
2 13
4 1
8 14
13 14
5 0
13 8
14 5
3 8
5 9
6 17
16 10
11 14
11 17
11 11
14 11
17 2
16 6
0 8
7 16
1 0
16 4
17 4
1 16
7 7
7 6
9 11
12 11
3 17
10 7
8 10
0 15
15 0
13 16
10 0
2 4
16 5
11 1
3 4
11 7
0 10
9 12
9 8
10 3
0 14
8 11
15 2
7 9
2 15
14 4
8 1
0 1
6 5
7 2
16 3
15 8
11 15
