13 117 2227
000000100000
000000100000
000000101000
000000000000
000000000000
000000000000
000000000000
000000000001
000000000001
000000000001
000000000001
000001000001
000001000001
1111100000000
0000000110000
0000000000000
0000000000011
0000000000000
0000000000000
1111111100000
0000000000000
1111110000000
1000000000000
0000000000000
0000000000000
9 3
10 10
12 3
4 4
10 4
1 6
7 6
12 12
6 0
1 2
0 10
8 9
3 3
7 2
3 9
1 11
3 2
6 7
0 12
11 1
4 6
6 9
5 8
7 11
5 3
7 0
9 11
9 9
10 5
9 0
5 2
4 1
1 12
11 7
0 2
8 7
0 0
4 0
2 0
5 9
9 2
3 1
11 2
11 12
8 3
3 11
3 10
6 6
4 8
12 1
3 0
0 9
12 10
10 0
6 1
6 10
1 1
10 3
11 9
12 7
9 8
8 1
12 6
12 5
8 12
5 0
2 7
11 6
8 0
8 8
4 3
4 10
9 7
11 4
1 10
10 8
5 6
1 3
6 12
2 8
5 5
2 6
7 7
2 3
6 3
0 5
2 1
2 12
8 10
5 10
1 9
10 9
1 8
7 12
3 5
4 7
7 10
4 9
3 12
8 11
0 3
5 11
7 9
0 1
4 11
6 11
1 7
1 4
10 12
8 2
9 4
10 7
2 11
2 5
2 9
10 6
11 0
