20 394 9582
0000000000000000100
0000000000000000100
0100000000000000000
0100001000000000000
0100001000000000000
0101001000000000000
0101001000000000000
0101001000000000000
0000001000000100000
0000001000000100000
0000001000000000000
0000000000000000000
0000000000000000000
0000000000000000000
0000000000000000000
0000000000000000000
0000000000000000000
0000010000000000000
0000000000000000000
0000000000000000000
00000000000000000000
00111111000000000000
00000000000000000000
00000000000000000000
10000000000000000000
00000000000000000000
00000000000000000000
11111100000111111111
00000000000000000000
00000000000000000000
11111111111111111100
00000000000000000000
00000000000000000000
00000000000000000000
11111111111110000000
00000000000000000000
11111111111111100000
00000000000000000000
00000000000000000000
18 9
9 12
17 14
10 1
13 4
18 2
18 13
1 17
7 2
18 8
6 4
17 18
1 12
15 12
10 13
0 16
6 19
18 6
15 7
16 14
11 19
12 12
8 19
2 18
11 7
7 12
0 1
12 5
5 19
4 16
4 9
14 9
0 9
5 9
16 4
0 12
4 12
18 3
18 7
16 15
10 3
6 6
10 18
19 5
16 9
14 4
12 4
9 1
19 15
11 10
7 8
8 3
11 9
7 16
0 3
1 5
5 14
5 11
3 5
6 1
4 5
17 6
19 7
9 17
5 12
7 9
11 11
4 15
2 9
7 0
13 5
15 10
6 11
3 6
14 2
2 3
8 8
11 17
11 6
16 6
14 7
10 12
4 2
9 11
8 2
3 10
10 17
10 14
10 11
14 0
15 9
8 0
12 15
8 1
14 10
8 17
15 19
19 18
19 9
14 13
13 12
6 14
7 4
8 10
0 6
15 14
18 15
2 5
2 2
14 17
17 9
16 1
18 18
19 11
12 3
4 10
9 16
11 0
12 11
3 2
8 7
6 2
0 17
4 19
4 4
13 18
5 5
5 2
13 3
19 17
5 18
3 15
9 14
15 5
5 4
1 13
18 0
14 5
9 4
9 10
7 6
11 18
9 5
8 4
2 13
7 14
9 6
12 1
2 6
13 6
2 0
14 19
17 17
17 10
12 18
19 13
1 6
18 12
8 11
8 18
7 18
17 15
14 16
4 14
9 0
0 5
2 1
17 3
6 12
15 18
19 12
12 7
5 17
13 15
9 8
5 10
17 19
14 6
2 11
3 4
9 13
13 7
10 8
9 9
0 7
11 12
5 1
15 2
2 10
5 8
2 8
7 11
1 18
5 15
11 2
11 4
9 2
6 18
16 12
6 7
16 8
3 9
1 3
19 1
19 4
17 8
18 4
10 9
11 3
10 4
3 19
9 3
8 13
6 9
6 0
13 19
18 5
2 12
17 0
16 7
0 15
17 1
15 1
6 3
6 16
4 8
7 17
1 15
2 4
18 19
4 1
12 9
9 7
10 2
7 1
13 14
1 14
5 6
12 13
13 11
3 0
9 18
9 15
1 11
12 17
11 14
10 5
14 3
5 7
19 8
16 3
7 3
6 17
18 11
2 16
19 2
16 13
12 10
13 1
14 15
3 17
17 11
0 19
15 15
18 1
11 13
1 0
17 2
19 3
17 7
0 14
4 6
8 5
8 6
17 5
13 16
19 10
10 15
14 11
1 16
15 16
12 16
15 0
13 2
16 5
4 17
3 8
18 16
1 2
10 0
6 13
1 9
10 6
8 9
16 17
13 9
7 7
12 8
3 3
15 3
14 18
10 10
6 8
16 11
5 13
10 16
1 10
10 7
2 17
0 0
2 19
7 19
6 15
8 16
1 19
4 11
8 15
19 16
15 13
6 10
2 14
13 17
15 8
7 15
2 15
3 1
7 13
0 18
5 16
10 19
16 16
14 14
15 17
0 13
0 4
1 4
15 6
14 1
11 15
15 11
12 2
13 13
14 8
18 14
17 4
12 14
9 19
12 6
3 7
19 6
2 7
13 10
4 3
3 18
3 14
12 0
0 11
0 10
0 2
18 17
3 11
4 0
14 12
1 7
11 5
4 7
3 12
0 8
16 0
11 1
7 5
5 0
11 16
4 18
15 4
13 0
11 8
5 3
16 10
17 16
8 12
16 18
19 0
1 8
13 8
16 2
4 13
12 19
17 13
19 14
1 1
18 10
17 12
7 10
