14 184 3995
0000100000000
0000100000100
0000100000110
0000100000110
0000000000110
0001000000110
0001000000110
0001000010010
0001000010010
0001000010010
0001000010010
0001000000010
0001000000010
0001000000010
00000000000000
00000000000000
00000000000000
00000000000000
00000000000000
00000000000000
00000111111100
00000000000100
00000000000000
00000000000000
00000000000000
00000000000000
00000000000000
3 5
1 4
4 1
8 0
2 12
11 3
6 8
11 8
5 1
2 3
12 11
6 7
7 2
1 10
8 10
4 5
6 10
12 4
4 7
4 10
1 1
6 11
8 6
3 10
2 6
7 10
7 13
0 0
11 13
9 9
5 4
13 13
12 10
12 12
11 6
8 5
9 2
10 0
13 5
7 0
0 6
4 9
4 4
4 12
3 11
13 0
1 8
13 2
1 7
11 5
5 12
0 13
3 13
9 11
10 8
6 2
3 8
13 1
7 3
1 5
9 8
11 1
12 13
13 3
2 1
2 2
7 1
1 2
1 13
5 9
1 9
2 0
13 11
0 1
12 8
12 7
8 7
0 10
4 2
5 8
8 1
8 4
7 11
4 6
2 11
8 3
11 4
9 6
12 0
1 0
3 6
10 7
11 11
0 11
10 9
1 12
3 2
10 6
12 9
5 5
8 12
6 9
5 7
9 3
5 6
9 1
13 12
6 13
10 4
2 7
8 11
3 0
3 4
13 4
13 10
13 8
7 8
11 0
6 4
12 2
2 5
1 11
12 5
3 12
9 13
11 7
6 12
12 6
3 3
3 9
4 13
9 7
2 10
5 3
10 13
1 3
0 4
2 8
7 9
7 7
4 3
9 4
8 2
5 11
0 8
11 10
8 8
4 0
7 6
9 0
5 0
10 3
0 12
6 6
13 7
0 7
4 11
12 1
2 9
10 2
10 11
6 0
0 3
3 7
7 12
4 8
2 13
2 4
6 1
9 12
10 10
10 12
11 9
7 5
13 9
5 10
9 5
10 5
13 6
12 3
6 5
11 2
10 1
3 1
