18 264 5292
00000001000000001
00000001000000001
00000001000000001
00000001000000001
00000001000000001
00000001000000001
00000001000000001
00000001000000001
00000001000000001
00000001000000001
00000001000000001
00000001000000001
00000001000000001
00000001000000001
00000000000000001
00000000000000001
00000000000000001
00000000000000000
000000000000000000
000000000000000000
000000000000000000
000000000000000000
000000000000000000
000000000000000000
000000000000000000
000000000000000000
000000000000000000
000000000000000000
000000000000000000
000000000000000000
000000000000000000
000000000000000000
000000000000000000
111110000000000000
000000000000000000
1 8
12 14
10 16
1 4
13 1
7 5
16 2
7 3
15 8
6 10
10 9
16 6
8 3
3 11
11 14
14 15
13 13
9 3
3 8
11 5
12 16
3 10
1 7
15 14
14 6
2 3
1 9
15 5
1 15
12 2
8 14
12 11
8 4
0 4
9 12
6 15
11 4
14 13
14 4
1 12
8 15
3 15
14 8
13 15
15 11
4 6
15 6
7 12
8 16
3 1
4 11
0 3
1 11
4 7
8 0
3 13
16 8
0 7
3 6
14 10
9 1
0 5
17 7
5 10
3 0
11 16
16 5
14 2
0 11
15 0
6 4
3 4
17 5
17 14
4 9
16 9
12 17
5 16
2 2
9 10
6 17
11 0
11 8
6 13
15 15
4 5
11 12
16 0
10 15
14 11
5 14
4 3
15 9
11 7
9 15
5 17
10 12
14 5
15 10
2 1
16 4
1 3
5 8
5 11
12 10
9 16
2 6
14 7
9 9
7 11
11 13
13 4
10 4
13 0
13 14
4 17
10 10
9 0
4 16
6 0
12 4
17 0
4 4
7 1
10 17
2 10
10 7
6 2
9 13
1 13
1 10
7 16
5 1
6 11
0 8
13 17
7 13
4 1
10 3
12 6
15 1
10 5
6 16
7 15
6 8
12 1
17 15
12 12
3 7
12 15
13 11
9 4
15 3
5 2
14 12
12 13
14 0
2 11
7 8
12 0
16 12
9 17
7 14
13 12
5 0
5 7
4 12
7 0
17 10
2 13
0 13
2 15
2 5
16 1
8 1
15 7
11 6
5 5
1 14
8 11
11 9
6 1
9 14
12 8
2 17
13 2
5 13
1 16
9 8
16 7
13 5
11 15
12 3
13 7
5 4
2 14
17 17
16 13
0 12
10 11
6 12
17 13
17 9
6 3
8 2
10 2
17 4
5 9
17 16
13 10
12 7
17 3
11 11
16 17
4 14
15 17
11 10
12 5
4 15
12 9
8 13
15 16
0 2
7 10
16 14
13 9
14 14
5 15
7 17
16 3
2 4
13 8
2 12
2 7
8 10
14 17
8 17
0 6
4 0
6 9
8 8
6 5
0 1
8 9
6 7
6 14
2 16
3 5
8 5
14 9
9 11
16 16
14 16
15 13
3 14
13 3
0 0
11 1
4 8
14 1
4 13
14 3
13 16
3 3
