20 28 1128
0000000000000000000
0000000000000000000
0000000000000000000
0000000010000000000
0000000010000000000
0000000010000000000
0000000010000000000
0000000010000000000
0000000010000000000
0000000010000000000
0000000010000000000
0000000010000000000
0000000010000000000
0000000000000000000
0000000000000000000
0000000000000000000
0000000000000000000
0000000000000000000
0010000000000000000
0010000000000000000
00000000000000000000
00000000000000000000
00000000000000000000
00000000000000000000
00000000000000000000
00000000000000000000
00000000000000000000
00000000000000000000
00000000000001111111
00000000000000000000
00000000000000000000
00000000000000000000
11111111111111111100
00000000000000000000
00000000000000000000
00000000000000000000
00000000000000000000
00000000000000000000
00000000000000000000
17 8
16 2
8 11
13 13
11 6
6 0
9 19
17 11
18 17
7 13
18 4
19 9
10 0
17 2
15 8
2 13
6 8
9 15
19 13
3 14
16 17
14 3
13 11
4 0
19 2
7 11
2 19
8 3
