14 25 362
0000000100000
0000000000000
0000000100100
0000000100100
0000000000100
0000000000100
0000000000100
0000000000100
0000000000100
0000000000100
0000000000100
0000000000101
0000000000001
0000000000000
00000000111011
11101111111111
00000000000110
00000000000000
00000000000000
00000000000001
00000000000000
00000000000000
00000000000000
00000000000000
00000000000000
11111111000000
00000111111111
8 13
5 6
8 5
4 11
10 9
11 3
11 11
7 7
8 2
9 8
6 8
8 12
5 8
6 12
9 5
3 11
9 3
1 13
12 7
4 1
5 7
8 9
2 2
13 0
1 7
