17 101 5044
0000100100010010
0101000100010010
0101000100010110
0101000100010110
0101000100010110
0101000100010110
0101000100010111
0101000000010111
0101100000010111
0101100000000101
0101100000000101
0101100000000101
0101100000000101
0101000010000101
0101000010000101
0101000010000101
0101000010000101
00000000000000000
00000000000000000
00000000000000000
00000000000000000
00000000000000000
00000000000000000
00000000000000000
00001111111000000
00000000000000000
00000000000000000
00000000000000000
00000000000000000
00000000000000000
00000000000000000
00000000000000000
00000000000111000
15 4
13 0
8 11
14 0
8 15
7 6
16 7
16 1
10 14
16 13
6 4
0 12
4 4
1 3
11 8
3 6
14 4
1 5
14 9
9 15
6 9
15 9
6 0
3 1
12 15
7 0
14 14
14 1
13 14
9 16
16 5
11 15
13 6
0 15
8 6
10 11
3 12
5 13
10 0
11 12
15 3
0 16
15 2
13 11
5 10
10 4
9 8
3 5
7 15
1 1
5 16
12 10
4 11
8 1
16 14
15 15
12 11
2 6
16 0
13 16
2 16
4 7
14 5
2 3
5 11
10 8
5 7
8 5
9 14
9 6
7 5
3 13
8 3
6 1
14 8
13 12
6 6
10 12
4 8
10 3
3 3
16 15
9 11
13 1
7 13
6 15
5 0
5 15
8 13
7 3
2 12
14 2
9 1
10 10
5 5
15 7
0 7
14 15
2 11
4 12
10 6
