15 125 3562
00000000000000
00000000000010
00000000000011
00000000000011
00000000000011
00000000000011
00000010001011
00000010001011
00000010001011
00000010001011
00000000001111
00000100000011
00000100000011
00000100000011
00001100000001
000000111111111
000000000000000
111111111111000
000000000000000
000000000000000
000000000000000
111000000000000
000000000000000
000000000000000
111111111100000
000000111111000
000000001111100
000000000000000
000000000000000
14 11
14 5
13 1
9 13
12 9
5 10
9 7
7 5
12 8
10 6
8 6
1 4
0 3
2 9
5 8
5 7
8 9
5 6
3 6
8 12
0 1
9 2
13 5
9 14
3 3
7 0
9 4
13 11
12 6
5 9
4 2
2 11
13 10
10 13
13 6
4 7
10 14
5 12
11 0
8 7
1 7
4 4
7 7
4 1
10 5
12 14
6 6
10 7
11 3
6 4
0 10
10 11
14 13
0 8
9 10
8 13
3 9
5 5
3 4
13 7
8 4
0 2
1 1
11 8
2 10
9 8
14 1
0 5
11 2
13 0
6 11
13 4
13 14
11 10
2 13
2 12
14 3
5 13
12 4
5 3
3 10
8 0
14 8
14 10
13 2
3 5
2 2
8 1
11 11
14 2
2 4
14 9
6 2
11 14
4 12
8 10
12 2
7 6
9 0
3 7
12 12
9 11
12 1
6 9
2 6
7 10
6 13
9 6
9 12
4 8
10 9
6 10
8 3
4 14
10 10
4 10
12 7
1 13
2 0
3 8
10 12
1 8
0 6
10 2
3 2
