20 308 12582
0000000011000100000
0000000011000110000
0000000011000110000
0000000001000010000
0000000000000010000
0000000001000000000
0000000000000000010
0000000000000000010
0000000000100000001
0000000000100000001
0000000000100000001
0000000000100000001
0000000000100000000
0000000000000000000
0000000000000000000
0000000000000000000
0000000000000000000
0000100000000000000
0000100000000000000
0000100000000000000
00000000000000000000
00000000000000000000
00000000000000000000
00000000000000000000
11111111111111111000
01111111110000000000
00000000000000000000
01111111111111111111
00000000000000000000
00000000000000000000
00000000000000000000
00000000000000000000
00000000000000000000
00000000000000000000
00000000000000000000
00000000000000000000
00000000000000000000
11100000000000000011
00000000000000000000
19 2
8 12
19 16
18 6
9 7
9 11
16 5
19 12
15 2
2 9
5 9
4 19
16 18
17 1
15 6
7 5
9 10
14 9
1 10
11 3
1 13
12 5
16 1
18 7
11 8
8 6
6 11
14 7
10 13
19 15
16 0
14 17
7 6
13 5
18 1
4 3
2 1
13 16
8 2
1 14
14 10
5 12
0 4
19 3
13 11
15 9
17 14
18 4
7 10
11 19
18 5
18 14
9 1
1 8
4 5
1 3
7 19
4 10
12 2
18 16
0 11
13 10
14 13
2 14
17 13
5 17
0 12
8 8
3 3
0 13
9 8
16 13
13 7
15 19
0 1
17 3
6 17
16 7
16 10
5 11
5 8
8 1
1 5
8 15
11 7
10 5
18 3
12 4
13 2
8 7
12 14
19 5
19 18
13 0
6 18
0 18
12 12
2 3
5 6
10 16
5 15
2 2
15 18
0 10
15 0
5 16
6 7
14 12
15 14
3 17
0 3
14 0
7 17
19 7
12 0
4 15
19 0
5 10
13 6
8 9
12 17
4 7
5 14
14 4
13 18
9 9
10 7
2 11
11 4
11 0
3 11
7 15
19 9
17 6
0 2
10 15
6 2
6 10
18 10
17 19
8 5
5 1
4 14
13 15
4 6
10 0
17 11
2 4
0 17
6 9
10 18
19 1
4 4
4 2
8 14
16 2
3 2
6 19
4 8
2 6
16 9
9 12
9 0
17 0
13 1
19 14
4 17
6 8
14 3
3 4
9 2
18 15
11 5
5 4
6 5
0 19
8 0
7 13
9 19
1 9
13 9
4 1
10 6
9 18
1 11
4 13
13 17
16 3
17 10
0 5
3 1
15 5
11 12
10 19
15 16
17 15
16 11
15 7
12 16
7 18
4 9
7 2
2 13
2 15
1 0
0 7
1 19
8 3
16 16
3 19
15 13
7 4
13 4
0 14
0 9
9 4
8 17
19 10
14 11
16 17
14 1
15 10
7 11
12 1
7 16
3 5
13 3
2 5
1 18
7 9
8 13
3 14
18 0
10 8
3 9
1 12
17 5
2 0
12 11
9 13
5 0
16 6
11 18
5 2
19 17
14 14
16 14
3 0
1 7
11 15
3 7
15 17
2 16
14 8
5 13
2 7
18 18
4 18
13 12
5 18
11 11
1 16
14 19
7 0
10 9
0 15
7 12
16 15
16 12
5 5
14 16
18 9
5 3
0 6
9 3
12 15
10 3
10 12
8 16
14 2
2 12
4 12
16 19
14 6
12 8
5 7
19 11
6 1
12 18
7 14
2 8
8 10
13 14
1 1
10 2
11 2
10 1
17 4
19 13
17 2
9 6
10 14
6 4
18 12
18 2
12 19
9 17
8 19
