16 240 5120
011000000000000
001010000000001
001010001000001
001010001000000
000000001000000
000000001000000
000000001000000
001000001000000
001000000000000
001000000000000
001000000000000
001000000000000
001000000000000
001000000000000
001000000000000
001000000000000
0000011111111111
0000000000000000
0000000000000000
0000000000000000
0000000000000000
0000000000000000
0010000000000000
0000000011111111
0001111110000000
0001100000000000
0000000000000000
0000111111111111
0000000000000000
0000000000000000
0000000000000000
9 12
2 14
13 5
14 11
15 14
10 11
5 2
2 12
2 11
15 5
7 11
6 12
3 13
2 7
8 9
2 9
9 3
12 2
15 15
0 1
15 3
1 6
0 3
4 14
3 14
3 12
14 15
10 10
14 0
9 14
5 12
13 6
11 3
1 2
7 4
13 4
8 6
10 15
4 10
1 15
13 12
5 14
9 7
6 2
0 8
12 3
13 8
8 10
6 14
8 7
6 6
9 10
2 6
13 1
2 5
9 1
7 12
7 13
7 15
1 5
4 13
3 11
13 11
13 14
11 7
5 9
12 9
10 2
6 9
15 13
13 10
8 4
4 0
2 13
5 4
2 15
8 8
5 6
0 2
9 6
10 12
4 11
5 3
0 7
11 0
3 10
14 9
4 8
5 15
4 15
2 2
1 10
1 4
0 13
1 11
12 0
8 0
9 0
4 1
9 11
4 4
10 13
7 3
13 13
3 9
9 9
15 7
8 13
4 2
13 0
5 5
4 7
11 8
14 12
13 7
14 2
9 15
11 2
6 13
1 12
15 4
8 1
12 5
1 8
3 3
14 1
14 3
10 8
2 8
1 13
0 15
7 9
11 11
7 8
15 0
15 1
7 0
8 5
0 5
9 13
14 13
11 1
0 9
2 3
7 5
1 14
5 8
6 0
13 15
5 7
2 1
3 8
15 6
0 11
4 3
2 4
8 15
6 3
10 4
11 10
11 14
1 0
2 0
5 1
12 4
13 9
12 13
15 10
6 7
11 12
1 9
3 15
12 14
13 2
10 0
13 3
10 1
6 4
12 15
10 14
6 5
8 2
15 11
15 8
9 8
4 6
6 8
14 6
14 4
14 10
12 11
7 6
12 6
3 2
0 6
4 12
0 12
14 8
10 5
12 12
15 9
3 0
5 11
3 6
14 14
15 12
12 7
8 3
0 4
6 1
8 11
7 10
5 0
4 5
1 7
9 4
7 2
6 15
4 9
2 10
11 9
8 14
12 1
11 5
7 14
5 13
6 11
3 4
11 13
1 1
10 7
11 4
7 7
11 6
3 7
0 10
8 12
7 1
15 2
9 5
