18 35 820
00001000000100000
00001000000100000
00000000000000000
00000000000000000
00000000100000000
00000000100000000
00000000100000000
00000000100000000
00000000000000000
00000000000000000
00000000000000000
00000000000000000
00000000100000000
00000010100000000
00000000100000000
00000000000000000
00000000000000000
00000000000000000
000000000000000000
000000000000000000
000000000000000000
001111111111111111
000000000000000000
000000000000000000
000000000000001111
000000000000000000
111111100000000000
111111110000000111
000000000001111111
000000000000000000
000000000000000000
111111111111111100
000000000000000000
000000000000000000
111100000000000000
4 10
2 15
4 2
10 15
3 1
11 6
2 9
14 16
9 3
3 15
0 0
4 0
11 7
10 14
11 3
8 15
8 10
13 2
14 1
0 15
7 15
6 17
7 6
15 0
17 8
8 1
17 17
14 8
12 15
3 7
2 6
11 15
8 12
0 17
17 7
