15 100 1121
00000000000000
00000000000000
00000000000000
00000000000000
00000000000000
00000000000000
00000000000000
00000000000000
00000000000000
00000000000000
00000000000000
00000000000000
00000000000000
00000000000000
00000000000000
000000000000000
000000000000000
000000000000000
000000000000000
000000000000000
000000000000000
000000000000000
000000000000000
000000000000000
000000000000000
000000000000000
000000000000000
000000000000000
000000000000000
11 2
0 10
6 14
0 14
4 4
5 14
4 11
13 4
14 3
14 7
5 12
6 4
13 13
4 5
1 11
9 12
4 13
5 0
0 4
8 8
4 12
7 1
7 14
5 13
11 10
10 12
9 0
3 10
10 9
10 0
9 2
5 1
8 5
9 3
10 1
3 5
13 10
5 9
8 9
0 0
0 1
3 0
1 4
5 11
12 8
5 3
8 1
3 13
14 5
6 2
6 6
11 12
4 7
0 11
2 1
11 14
8 7
6 5
12 5
11 11
11 1
8 13
0 3
0 2
8 14
7 5
13 0
0 7
4 6
4 10
10 6
13 8
13 9
1 14
10 10
11 4
10 14
3 12
7 13
7 7
8 2
0 5
11 13
7 9
1 9
7 4
2 6
14 9
4 8
9 10
10 3
9 4
9 6
2 11
8 10
6 11
11 7
10 2
11 3
4 14
