12 85 1719
00000000000
00000100000
00000100000
00000100000
00000100000
00000100000
00000100000
00000100000
00000100000
00000100000
00000100000
00000100000
000000111000
000000000000
100000000000
000000000000
000000000011
000000000000
000000000000
000000000000
000000000000
000000000000
000000000000
3 8
8 2
1 9
5 11
11 11
9 8
11 10
8 1
11 8
6 0
5 2
8 9
4 2
10 11
7 7
5 7
6 8
11 6
4 7
0 8
3 4
2 7
8 4
2 9
0 11
3 7
10 9
3 0
7 0
0 0
3 11
10 6
1 0
4 11
8 7
5 10
0 7
10 8
2 3
10 3
1 4
2 1
9 6
11 0
5 6
5 3
8 5
9 10
7 1
0 3
9 5
3 10
0 5
4 8
9 9
6 5
3 5
4 6
8 3
9 1
9 0
4 3
10 0
6 3
6 9
8 10
4 1
11 5
2 0
3 6
4 10
9 7
8 0
3 3
0 4
2 10
0 10
10 1
8 6
0 9
6 2
1 6
10 4
7 11
7 4
