18 33 939
01000001000100000
01000001000100000
00000001000100000
00000001000100000
00000001000100000
00000001000100000
00000001000100000
00000001000100000
00000001000100000
00000001000100000
00000001000100000
00000001000100000
00000000000100000
00000000000100000
00000000000100000
00000000000100010
00000000000000010
00000000000000010
000000000000000000
000000000000000000
000000000000000000
011111110000000000
000111110000000000
000000000000000000
000000000000000000
000000000000000000
000000000000000000
000000000000000000
000000000000000000
000000000000000000
110000000000000000
000000000000000000
000000000000000001
000000000000000000
111111110000000000
14 12
14 3
7 0
12 8
15 8
13 8
8 3
10 8
2 16
9 10
8 1
14 7
14 9
0 15
11 16
6 15
4 12
14 17
1 1
9 0
1 8
3 10
4 1
3 9
12 17
3 12
14 8
1 11
4 2
16 11
12 9
6 5
14 1
