13 61 883
101000000001
101000000001
101000000001
101000000001
001000000001
001100000001
001100000001
000100000011
000000000001
000000000001
000000001001
000000001001
000000001000
0000000000000
0000000111110
0000000000000
0000000011110
0001000000000
0000000000000
0000000000000
1110000001110
0000000000000
0000000000010
0000000000000
0000000000000
0 10
1 9
1 5
6 1
4 11
12 5
8 9
8 8
8 0
12 0
7 10
6 2
0 12
5 5
12 8
1 0
7 6
3 11
10 11
5 6
6 5
2 10
3 4
11 1
0 8
3 3
2 3
9 6
7 9
9 2
5 8
2 0
2 4
0 9
4 1
7 0
11 7
10 12
1 4
0 3
6 12
3 1
8 11
3 6
5 10
1 6
0 4
10 3
11 8
9 10
12 10
7 3
3 2
1 8
3 8
7 4
1 3
8 5
5 2
4 8
2 11
