11 107 1640
0001000000
0001000000
0001000000
0001000000
0001000000
0001000000
0001000000
0001000000
0001000000
0000000000
0000000000
00000000000
00000000000
00000000000
00000111111
00000000000
00000000000
00000000000
00000000000
00000000000
00000000000
10 8
10 4
8 2
5 1
2 3
0 2
1 6
5 3
7 2
10 1
4 7
7 1
3 0
5 7
5 10
0 6
9 8
1 4
3 9
3 6
4 9
8 5
6 3
8 1
5 0
8 9
8 10
9 2
1 7
5 6
0 0
6 6
10 6
4 5
3 3
9 9
10 7
8 8
0 4
8 6
3 1
4 2
8 3
2 4
7 7
2 2
3 7
10 5
2 1
6 7
9 1
9 7
5 5
6 4
4 3
6 5
9 6
5 9
1 3
2 6
2 10
1 8
8 0
5 2
1 9
5 4
1 10
6 8
6 1
3 8
3 10
0 3
1 0
4 8
4 4
2 5
9 0
8 7
0 5
1 1
7 10
10 10
1 2
7 3
10 2
7 0
8 4
9 5
2 7
4 1
0 8
7 6
6 9
7 4
1 5
9 4
6 2
3 2
9 10
7 5
2 0
9 3
3 4
10 3
4 0
0 10
4 6
