15 59 1804
00000000010000
00000000010000
00000000010000
00000000010000
00000000010000
00000000010000
00000000010000
00000000010001
00000001010001
00000001010001
00000001010001
00000001000001
00000001000001
00000001000001
00000000000001
000000000000000
000000000000000
111111100000000
000000000000000
000000000000000
111000000000000
000000000000110
000001111100000
000000000000000
000000000000000
000000000000000
000000000000000
000000000000000
000000000000000
14 11
4 8
3 7
12 14
1 1
12 9
4 1
13 3
8 5
13 0
7 6
6 5
6 8
7 3
3 14
7 7
8 13
14 7
5 6
10 5
13 4
3 8
11 7
10 0
10 14
0 7
0 11
7 11
8 0
14 5
11 14
11 3
2 12
7 12
3 4
13 11
1 2
2 5
8 8
2 3
11 6
5 1
11 13
14 6
7 9
1 7
11 12
6 14
12 10
2 9
11 4
6 7
11 0
0 4
6 13
4 4
4 3
2 1
4 11
