13 162 4395
000000001001
000000001000
000000001000
000001001000
001000001000
001000001000
001000001000
001000001000
001001001000
001001001000
000001001000
000001000000
000001000000
0000000000000
0000000000000
0001110000000
0111111110000
0000000000000
0000111110000
0000000000000
0000000000000
0110000000000
0000000000000
0000000000000
0000000000000
5 0
12 3
7 7
5 11
12 5
1 0
1 9
5 12
11 2
6 7
12 12
4 12
0 9
7 12
2 11
6 12
4 10
3 3
11 10
7 2
8 1
12 9
4 6
1 6
3 11
8 5
10 6
2 7
6 9
0 1
0 7
5 4
12 6
11 11
12 0
8 6
0 11
8 0
2 5
0 2
5 3
7 11
4 1
2 9
5 6
9 12
6 0
1 3
0 12
8 2
12 11
10 2
12 4
9 11
10 5
5 9
9 8
5 1
7 10
9 10
5 7
8 12
5 8
2 8
0 8
9 4
3 4
4 7
3 0
4 3
11 7
3 9
8 3
3 7
10 11
2 10
1 12
3 5
12 10
6 6
7 3
12 7
11 4
6 5
4 5
5 10
1 11
10 3
10 12
7 9
1 1
1 8
12 1
4 11
9 5
10 4
7 8
0 10
6 8
3 2
8 7
4 0
7 5
2 1
11 5
6 10
9 9
0 3
8 11
10 1
0 6
6 3
0 5
7 4
3 6
2 0
9 1
5 5
11 12
11 3
10 9
2 4
10 10
1 5
8 8
3 1
0 4
11 8
6 4
1 10
8 4
4 9
1 7
8 10
7 6
9 2
11 1
3 10
6 11
10 7
2 6
3 8
8 9
7 1
3 12
4 2
10 0
0 0
2 3
10 8
9 0
2 12
9 6
11 6
11 0
9 7
6 2
9 3
4 8
2 2
4 4
12 8
