17 240 3725
0000000000000000
0000000000000000
0000000000000000
0000000000000000
0000000000000000
0000000000000000
0000000000000000
0000000000000000
0000000000000000
0000000000000000
0000000000000000
0000000000000000
0000000000000000
0000000000000000
0000000000000000
0000000000000000
0000000000000000
00000000000000000
00000000000000000
00000000000000000
00000000000000000
00000000000000000
00000000000000000
00000000000000000
00000000000000000
00000000000000000
00000000000000000
00000000000000000
00000000000000000
00000000000000000
00000000000000000
00000000000000000
00000000000000000
5 0
14 1
11 7
9 11
1 2
13 16
14 13
4 15
6 14
15 1
9 13
16 5
16 3
6 10
5 13
11 5
14 0
7 1
12 3
14 3
9 15
12 14
1 4
15 7
1 9
4 10
0 2
11 11
2 0
16 10
6 6
15 0
14 7
10 2
4 13
2 6
14 8
12 9
10 5
2 15
10 14
10 11
12 4
6 11
10 3
15 3
15 6
9 10
6 1
6 3
15 16
12 15
2 14
16 15
13 14
5 4
12 2
11 15
2 16
11 8
15 5
7 4
3 15
3 9
11 6
6 15
11 4
16 4
8 8
10 6
15 2
12 5
0 7
3 13
0 0
9 16
8 7
10 8
4 14
14 12
1 14
14 9
12 12
5 7
14 6
5 14
16 12
5 11
0 9
6 0
7 10
12 16
0 4
13 6
8 14
4 0
0 1
7 12
3 10
0 14
13 1
13 10
9 0
9 12
16 1
12 8
4 16
7 0
7 9
15 12
2 1
16 6
16 13
16 8
15 15
13 9
9 1
3 5
8 2
13 15
6 7
0 12
1 1
4 12
14 16
14 5
0 16
5 1
1 8
13 7
0 6
9 3
16 7
2 9
12 0
15 8
3 6
2 12
16 11
4 4
6 5
4 8
16 16
6 8
9 2
4 11
5 5
7 6
1 0
1 3
5 3
15 13
11 0
15 11
1 16
2 8
8 11
12 6
9 9
10 1
2 13
11 10
5 8
6 4
4 7
13 5
3 2
8 12
14 11
6 12
7 11
3 1
11 2
10 16
10 7
1 11
10 12
14 14
8 6
3 8
13 11
12 7
3 7
3 14
15 4
8 0
4 2
2 2
12 10
4 3
5 10
2 10
13 3
10 0
7 8
6 16
3 12
3 11
9 7
13 4
13 13
4 6
3 16
1 5
14 10
10 15
6 2
1 10
5 6
11 14
13 12
10 9
7 7
14 4
11 16
2 11
12 13
5 2
6 9
2 7
5 9
9 6
8 10
14 2
8 9
16 0
0 8
0 5
10 10
15 9
0 13
7 13
15 10
11 3
16 9
13 0
0 15
9 5
16 2
3 4
