16 174 4521
100000000000000
100000000000000
100010000000000
100010000000000
101010000000000
101010000000000
101010001000000
100000010000000
100000010000000
100000011000000
100000011000000
110000011000000
110000011000000
000100000000000
000100000000000
000100000000000
0000000000000000
0000000000000000
0100000000000000
0000000000000000
0000000000000000
0000000000000000
0111111111110000
0000000000000000
0000000000000000
0000000000000000
0111110001111110
0000000000000000
0000000011000000
0000000000000000
0000000000000000
5 5
3 3
6 14
2 6
6 6
10 4
15 11
1 14
13 3
13 6
10 12
6 2
7 0
1 8
9 13
7 7
3 8
5 12
4 12
12 0
1 0
13 14
0 15
3 10
14 5
4 9
15 7
12 12
11 8
4 14
15 4
0 11
1 5
14 9
7 5
5 14
12 3
10 13
12 11
6 13
9 7
9 2
11 6
9 11
15 14
0 3
11 11
8 10
4 15
1 13
10 0
13 2
12 5
6 3
0 12
2 11
14 12
13 10
14 15
7 6
4 8
15 0
5 8
3 9
1 1
8 11
6 5
0 4
15 3
6 8
1 11
7 9
8 15
12 15
4 0
11 5
14 8
5 10
4 10
12 8
2 14
1 10
1 12
9 12
9 10
11 9
7 8
15 10
2 3
3 14
6 4
5 15
9 4
12 1
11 12
2 15
13 11
8 4
4 1
2 13
11 1
2 7
15 1
10 2
8 13
9 8
3 6
2 0
8 9
10 15
14 13
5 3
8 7
9 15
9 0
0 5
10 11
7 2
14 4
15 13
8 0
14 3
3 15
13 0
14 14
11 0
2 1
10 6
12 14
12 4
8 12
4 13
14 10
12 6
6 1
11 15
8 5
13 15
7 1
0 14
15 8
8 3
9 14
7 15
3 11
10 14
1 15
11 13
6 12
9 9
15 2
10 3
0 8
9 3
2 2
12 13
9 6
3 12
3 1
1 4
8 2
12 7
12 9
7 10
7 13
5 1
5 2
10 10
4 2
4 5
5 0
15 15
6 9
14 6
