16 207 7679
000010000000000
000010000000000
000010000000000
000010100000000
000010100000001
000010101000001
000010101000001
000010101000001
000010100000001
000010100000001
000010100000001
000010100000001
000010100000001
000010100000001
000010100000001
000000100000001
0000000000000000
0000000000000000
0000000000000000
0000000110000000
0000000111111100
0000000000000000
0000000000000000
0000000000000000
0000000111110000
1000000000000000
0000000000000000
0000000000000000
0000000000000000
0000000000000000
0000000000000000
12 13
4 14
11 9
1 12
6 0
13 3
12 15
2 3
13 6
14 7
2 2
15 1
0 14
7 10
4 3
11 11
11 13
5 6
3 11
10 5
14 8
5 4
5 7
5 2
8 15
7 7
7 12
9 4
13 1
11 3
2 11
2 1
5 13
14 10
2 0
12 8
5 0
1 10
2 6
8 0
0 6
14 2
15 0
12 10
5 1
1 3
14 13
0 4
14 3
6 3
9 5
8 10
13 14
11 2
8 1
1 1
15 3
14 6
4 12
12 7
9 10
10 14
11 1
9 12
13 11
9 14
1 13
10 7
1 15
5 3
0 1
8 13
8 4
7 2
8 12
1 4
7 14
5 12
7 8
7 15
6 11
12 4
0 8
12 6
3 2
9 0
4 10
9 6
2 13
10 15
15 14
7 9
10 12
5 11
2 8
8 5
6 10
0 7
2 14
7 11
7 5
3 10
3 14
11 10
2 12
7 0
11 8
12 12
6 5
9 1
9 3
3 1
4 13
15 13
6 4
15 2
9 11
4 15
9 7
1 11
4 9
4 8
10 1
12 5
1 0
2 15
14 12
3 0
11 4
13 0
12 9
5 10
11 0
2 7
14 1
6 12
10 13
3 4
15 11
14 9
9 13
1 8
6 14
6 13
3 5
0 15
10 2
14 14
3 15
3 12
0 9
13 8
10 11
13 9
11 5
0 5
5 9
0 11
2 5
9 8
4 1
6 2
6 15
8 3
2 9
3 9
8 6
3 8
10 0
9 9
11 7
4 5
4 0
7 3
11 12
0 3
5 14
7 6
1 7
9 2
3 7
1 2
6 1
8 11
3 6
15 9
13 15
9 15
4 7
12 2
13 4
10 8
8 8
6 9
7 4
3 3
8 9
14 4
15 8
14 15
15 12
14 5
11 6
13 7
2 4
10 10
13 10
