12 76 885
00000000110
00000000110
00000000100
00000000100
00000000100
00000000100
00000000100
00000000100
00001000000
00001000000
00001000000
00001000000
000000000000
000000000000
000000000000
000000000000
000000000000
000000000000
000000000000
000000000000
000000000000
000000000000
000000000000
11 9
2 10
3 4
6 6
7 9
10 2
4 4
11 10
6 7
10 3
11 4
3 11
7 7
9 6
4 8
6 2
5 10
1 7
5 6
4 6
9 2
1 2
10 11
8 10
1 0
4 2
0 7
4 9
4 5
3 10
1 4
6 1
9 0
8 8
1 1
5 3
10 9
2 7
2 2
11 8
0 5
2 8
3 0
8 3
2 6
4 7
3 1
6 9
9 10
0 2
3 9
7 6
6 0
7 3
6 11
3 6
9 3
3 3
8 5
3 2
1 10
3 7
9 5
0 9
5 1
8 6
0 3
4 3
2 4
11 2
11 3
6 4
2 9
7 2
5 11
0 11
