18 94 2838
01010100000100000
01010100001100000
00000100001100000
00000100001100000
00000000001000000
00000000001000000
00000000001000000
00000000001000000
00010000001000000
00010000001000000
00010000000000000
00010000000000000
00010000000000000
10010000000000000
10010000000000000
10010000000000000
10000000000000000
10000000000000000
000000000000000000
000000000000000000
000000000000000000
000000000000000000
000000000000000000
000000000000000000
000000000000000000
111111000000000000
000011111000000000
000001111111111111
000000000000000000
000000000000000000
000000000000000000
000000000000000000
000000000000000000
000000000000000000
000000000000000000
16 15
0 1
10 13
4 9
15 15
17 7
0 9
4 7
17 11
3 3
0 15
7 7
6 12
10 2
11 8
14 8
1 10
8 8
11 0
3 12
4 8
13 17
11 1
1 12
7 2
10 8
3 14
5 10
17 13
11 13
12 6
1 2
15 3
9 10
9 0
15 2
12 13
12 15
0 2
3 0
1 13
6 13
10 4
2 2
3 9
6 4
0 8
11 4
16 3
8 11
12 10
7 16
13 14
17 17
13 3
6 1
15 16
12 4
5 12
4 1
5 0
17 1
5 1
10 5
11 11
1 9
10 1
12 0
6 6
5 17
5 2
15 9
8 2
15 0
4 0
2 4
8 4
4 4
12 3
3 15
3 10
5 13
7 11
5 5
16 13
12 5
15 14
17 16
15 13
1 17
15 5
17 15
6 2
16 16
