11 108 1937
1001000000
1101000100
1101000100
0100000100
0100000100
0100010100
0100010100
0100010100
0100010100
0100010100
0100010100
00000000000
00100000000
00000000000
00000011000
00000000000
00000000000
00000000000
00000000000
00000000110
00000000000
10 3
4 1
2 5
3 10
5 3
6 3
10 5
1 8
3 7
8 3
0 9
1 1
1 0
7 4
9 5
7 0
3 8
10 4
6 2
7 5
8 9
0 8
2 4
4 9
7 10
9 1
6 8
1 9
1 6
3 9
4 5
6 7
9 3
5 9
3 4
9 2
0 10
5 0
9 10
6 9
8 10
1 2
9 7
3 5
9 8
9 9
8 1
4 3
4 2
7 3
8 8
2 1
2 7
1 5
1 4
4 4
10 7
4 7
0 1
10 1
5 10
6 0
6 1
0 7
6 10
7 9
6 5
8 6
2 9
3 6
5 4
10 8
5 7
4 8
0 2
9 4
10 9
10 6
2 6
0 3
1 3
0 6
1 7
10 2
0 0
5 5
8 4
4 0
3 1
5 6
10 0
7 6
3 3
2 8
9 0
6 6
8 7
8 2
0 5
0 4
8 5
4 10
2 10
4 6
2 2
1 10
8 0
10 10
