12 113 2341
00000010100
00000010000
01000010000
01000010000
01000010000
01000010000
01000000000
01000000000
01000000000
01000000000
01000000000
01000000000
000000000000
000000000000
000000000000
000000000000
000000000000
000000000000
000000000000
000000000000
000000000000
100000000000
000000000000
5 1
6 9
11 8
8 7
8 1
10 7
3 4
9 6
11 7
4 2
1 4
10 2
7 11
4 4
3 2
1 10
8 9
7 7
10 3
11 1
3 3
6 1
7 2
4 8
7 0
2 10
6 10
2 9
7 10
0 7
11 9
6 6
9 0
7 4
9 2
9 7
10 9
2 8
5 11
1 3
5 10
0 11
8 3
8 11
1 1
11 0
7 9
5 6
6 5
5 5
4 0
3 7
9 5
0 1
5 8
6 0
1 6
2 0
10 0
3 11
4 6
4 1
10 1
4 3
5 7
1 9
7 8
8 4
4 11
3 10
10 4
3 1
6 7
8 10
1 2
2 11
9 3
3 9
7 1
6 3
9 8
5 3
2 1
11 2
0 4
6 11
2 4
8 6
9 9
10 10
4 10
10 11
2 3
0 8
5 0
10 8
4 9
6 8
10 5
2 2
11 4
6 2
3 6
0 0
10 6
9 10
3 5
5 2
8 8
3 0
5 9
4 5
7 3
