19 40 1321
001000000000000010
001100000000000010
001100000000000010
001100000000000010
000100000000000010
000100100000000010
100100100000000010
100100100000000010
100100100000000010
100100100000000010
100100100000000010
100100100000000010
100100100000000010
100100100000000010
100100100000000010
000100100001000010
000100100001000010
000100100001000000
000100100001000000
0000000000000000000
0000000000000000000
0010000000000000000
0000000000000000000
0000000000000000000
0000000000000011100
0000000000000000000
0000000000000000000
0000000001111111100
0001000000000000000
0000000000000000000
0000000110000000000
0000000000000000000
0000000000000000000
0111000000000111100
0000000000000000000
0000000000000000000
0000000000001110000
11 8
11 5
11 0
2 18
2 0
6 12
10 0
10 16
6 3
3 18
17 15
8 11
1 8
6 1
1 7
18 2
8 16
9 16
7 9
1 0
16 2
14 12
11 2
0 16
17 14
12 13
2 17
15 6
4 4
10 3
9 14
11 12
3 7
18 14
9 13
7 7
13 3
7 13
15 2
9 11
