17 157 2437
0000000000100000
0000000000000000
0000000000000000
0010000000000001
0010000000000001
0010000000000001
0010000000000001
0010000000000001
0010000000000001
0010001000000001
0010001000000000
0010001000000000
0010001000000000
0010001000000000
0010001000000000
0010001000100000
0010001000100000
00000000000000000
00000000000000000
00000000000000000
00000000000000000
00000000000000000
00000000000000000
00011110000000000
00011100000000000
00000000011111110
00000000000011111
00000000000000000
00000000000000000
00011100000000000
00000000000000000
00000000000000000
00000000000000000
14 1
14 14
10 11
4 3
10 5
6 8
13 2
16 6
2 12
6 7
14 8
16 9
7 0
16 16
15 10
0 16
3 14
2 2
14 10
3 16
15 15
0 2
6 1
5 1
6 14
10 6
4 12
6 11
15 7
13 13
15 9
1 0
2 7
4 0
10 7
3 5
11 10
1 8
10 10
14 7
0 10
3 2
4 16
1 5
8 9
16 12
2 11
8 2
13 16
9 16
3 6
6 4
13 8
6 12
9 5
14 9
13 9
14 13
14 2
16 5
3 3
5 9
10 16
15 5
6 13
10 0
8 8
15 11
5 2
14 11
7 5
10 4
0 4
4 1
1 13
12 4
8 10
6 15
12 10
1 6
0 13
3 8
10 13
16 2
5 3
11 4
0 14
5 15
1 14
7 10
13 11
11 11
0 0
0 8
15 4
16 3
8 13
10 12
16 0
9 14
7 9
3 9
11 3
13 15
8 16
8 6
9 8
11 5
0 15
5 8
15 8
13 6
2 14
4 15
8 7
11 7
2 9
11 13
13 10
6 2
16 7
9 6
4 4
12 13
16 1
4 11
16 8
0 3
9 10
5 14
7 3
6 5
12 14
1 10
12 11
5 12
1 7
3 0
9 2
7 6
16 14
5 5
11 1
9 9
4 5
7 7
11 2
16 10
15 13
9 15
15 12
7 8
16 11
13 7
14 3
13 0
4 8
