13 142 2138
000000000000
000000000000
000000000000
000000000000
000000000000
000000000000
000000000000
000000000000
000000000000
000000000000
000000000000
000000000000
000000000000
0000000000000
0000000000000
0000000000000
0000000011111
0000000000000
0000000000000
0000000000000
0000000000000
0000000000000
0000000000000
0000000000000
0000000000000
3 3
0 9
3 2
6 5
8 10
1 12
8 5
5 12
7 4
2 0
5 2
10 10
5 1
10 3
11 2
5 9
7 3
9 9
12 1
10 0
0 2
9 5
1 8
8 9
2 7
12 10
8 11
10 11
1 0
2 5
9 8
4 10
0 11
10 2
4 9
10 4
1 11
5 4
11 6
12 9
6 8
8 4
4 11
11 3
5 11
6 0
11 0
11 7
10 6
9 7
0 12
2 4
6 2
12 7
1 2
9 6
0 4
11 8
2 10
1 5
7 2
2 8
8 1
5 10
3 11
12 12
11 4
4 0
7 0
9 4
9 1
2 11
4 3
2 2
0 10
0 7
11 1
9 10
9 2
7 6
12 0
5 6
3 1
3 8
1 7
11 11
12 5
12 3
11 5
8 7
1 10
5 5
1 3
6 4
6 7
10 7
4 6
12 6
4 12
12 2
8 2
3 12
0 3
3 0
2 1
3 5
9 0
1 1
4 8
12 11
4 5
7 11
7 12
8 8
5 8
3 7
1 6
6 1
8 6
7 8
12 8
11 12
7 10
10 9
5 7
3 10
1 9
3 4
2 12
0 0
8 12
9 11
6 12
6 9
2 9
10 8
0 5
10 12
4 4
2 6
8 3
3 9
