19 320 7843
000000000000100000
000000000000000000
000000000000000000
000000000000000000
000000000000000000
000000000000000000
000000001000000001
000000001000000000
000000001000000000
000000001000000000
000000001000000000
000000001000000000
000000001000000000
000000001000000000
000000001000000000
000000001000000000
000000001000000000
000000001000000000
000000001000000000
0000011111111000000
0000000000011111111
0000000000000000000
0000000000000000000
0000000000000000000
0000000000000000000
0000000001111111110
0000000000000000000
0000011110000000000
0000000000001111111
1111110000000000000
1100000000000000000
0000000110000000111
0000000000000111111
0000000000011111111
0000000000000000000
0000000000000000000
0000000000000000001
7 14
14 11
0 13
17 1
13 12
15 8
15 10
5 3
8 8
5 15
2 14
10 8
4 9
4 1
5 2
18 7
17 4
9 1
3 0
15 2
9 5
1 1
3 18
10 12
9 12
0 14
4 12
12 17
16 15
3 17
1 9
13 6
1 6
17 16
8 0
13 17
2 2
12 9
7 12
18 2
10 7
7 1
14 0
15 11
0 18
8 11
16 7
6 17
17 9
14 1
12 15
11 15
4 15
0 0
0 4
1 5
9 13
0 1
5 7
2 13
11 11
16 9
3 2
1 12
13 5
12 4
3 1
0 8
13 7
16 1
18 12
9 10
11 13
10 16
5 17
1 14
6 4
15 0
6 12
7 4
7 2
6 7
4 11
18 6
4 18
10 4
12 5
2 1
3 9
17 6
4 17
3 14
18 9
13 16
10 6
10 11
8 13
17 5
17 15
14 17
12 16
14 6
4 6
5 8
6 2
17 17
8 4
0 3
2 15
11 17
11 5
16 16
7 18
2 4
8 15
8 14
16 11
11 0
12 2
3 6
5 9
5 11
17 18
1 11
14 10
2 18
7 11
3 15
8 5
4 8
4 14
9 18
3 4
2 0
5 14
6 14
12 8
6 6
4 13
18 18
15 12
6 18
10 1
2 11
8 17
18 15
17 0
16 10
5 1
6 16
12 0
5 4
18 14
4 5
2 5
16 4
14 7
8 9
8 18
10 18
0 9
14 14
7 15
3 10
7 13
5 18
6 13
4 10
12 12
7 17
13 15
1 8
5 6
6 3
2 8
17 7
15 14
6 9
4 16
15 16
16 8
0 16
14 12
15 1
10 14
0 7
5 0
9 16
3 16
10 13
18 4
1 0
16 3
16 0
18 3
8 3
3 8
13 1
3 11
17 8
18 11
12 18
7 16
0 10
11 4
4 2
2 12
4 4
12 1
10 9
7 9
7 10
15 9
7 3
5 10
16 2
13 9
1 3
9 14
17 13
0 17
6 11
14 18
9 8
9 0
16 12
6 1
11 10
0 6
12 7
11 6
1 2
0 5
11 2
11 9
18 0
15 4
8 10
13 11
0 11
2 16
18 16
14 8
15 17
7 5
13 8
5 12
10 15
17 2
11 14
13 0
5 13
13 18
14 16
3 5
9 3
8 12
10 5
13 14
2 17
15 18
1 7
4 3
18 13
9 6
18 10
2 10
16 14
14 15
13 13
17 3
9 7
12 3
6 5
17 12
7 6
11 8
14 3
18 17
16 5
12 10
9 17
1 15
15 7
11 12
8 2
1 18
3 12
11 16
16 17
17 11
8 6
3 13
14 13
12 13
9 15
6 0
2 7
10 3
15 3
2 6
10 17
13 4
10 0
18 1
1 10
1 16
6 10
4 7
7 0
11 18
6 15
17 10
8 1
14 9
7 8
13 2
15 13
16 18
9 9
