19 96 2206
010000000000000000
010000000000000000
010000000000000000
010000000000000000
010000000000000000
010000000000000000
010000000000000000
010000000000000000
010000000000000000
010000000000000000
010000000000000000
010000000000000000
010000000000000000
000000000000000000
000000000000000000
000000000000000000
000000000000000000
000000000000000000
000000000000000000
0000000011111111111
0000000000000000000
0000000000000000000
0000000000000000000
0000000000000000000
0000000000000000000
0000000000000000000
0000000000000000000
0000000000000000000
0000000000000000000
0000000000000000000
0000000000000000000
0000000000000000000
0000000000000000000
0000000000000000000
0000000000000000000
0000000000000000000
1111111111100000000
18 4
0 3
3 18
16 6
12 11
15 14
4 11
13 4
16 17
9 12
16 1
14 1
0 0
6 9
10 2
11 18
16 7
12 0
13 16
13 17
16 15
17 7
6 17
6 1
16 9
1 15
12 3
10 15
12 8
8 18
10 3
1 16
12 9
14 4
0 17
17 9
11 10
1 5
14 18
18 18
15 11
2 4
13 11
2 16
1 2
6 6
13 12
12 2
2 9
5 1
15 17
15 7
18 9
5 3
3 15
14 5
9 16
11 15
1 7
9 2
9 5
2 12
14 3
13 5
4 13
9 14
9 3
0 13
14 2
7 3
4 4
8 16
15 4
17 11
0 12
15 18
17 15
3 0
12 6
9 4
11 16
10 4
5 5
4 0
4 10
5 9
10 13
7 4
18 14
14 7
8 0
17 12
2 1
5 18
17 1
11 0
