20 301 10716
1000001000000000000
1000001000000000000
1000001000000000000
1000001000000000000
1000001000000100000
0000000000101000000
0000000000101000000
0000000000001000000
0000000001001000000
0000000001001000000
0010000001001000000
0010000001001000000
0010000001001000000
0000100001001000000
0000100001001000000
0000100001000000000
0000000001000000000
0000000001000000000
0000000001000000000
0000000001000000000
00000000000000000000
00000000000000000000
00000000000000000000
00000001111110000000
01000000000111111111
00000000000000000000
00000000000000000000
00000000000000000000
00000000000000000000
00000000000000000000
00000000000000000000
00000000000000000001
11111111100000000000
00000000000000000000
00001000000000000000
00000000000000000000
11111000000000000000
00000000000000000000
00000000010000111111
13 6
1 7
14 4
1 3
2 1
11 10
14 19
11 1
7 1
8 8
19 13
10 5
2 17
6 10
13 14
8 5
14 2
17 19
16 2
6 2
0 7
9 16
15 13
0 18
9 0
11 6
11 8
3 3
9 6
9 3
12 7
12 18
6 11
15 11
6 8
8 10
18 3
15 18
7 5
9 7
15 9
7 14
13 5
1 16
17 13
5 4
5 10
12 14
18 4
13 8
1 9
7 18
2 18
0 2
11 12
0 14
6 1
4 14
10 7
1 1
3 10
17 17
10 14
3 13
8 17
12 19
18 6
3 9
18 5
4 18
6 16
14 8
10 3
15 6
1 18
14 13
10 0
6 14
0 1
17 8
7 6
13 0
5 18
17 5
1 13
19 10
4 3
11 3
14 1
13 19
14 16
19 17
3 1
1 0
9 10
17 15
11 7
18 16
15 0
4 10
19 4
5 6
18 12
17 12
10 4
5 16
3 15
5 9
16 17
18 2
2 0
19 7
0 19
18 13
15 12
12 9
11 19
14 15
7 0
19 12
18 15
13 2
12 13
8 9
9 8
15 17
4 9
5 5
17 3
16 3
5 0
1 17
19 19
16 0
5 3
15 1
9 14
5 12
4 6
19 14
8 18
17 2
5 2
10 1
11 5
0 12
15 3
11 11
0 3
9 2
16 5
2 19
6 4
17 4
7 13
1 5
2 9
15 7
18 9
16 11
14 14
2 3
13 4
6 6
9 13
4 4
7 8
18 14
7 17
12 17
17 10
7 9
17 11
3 2
13 12
0 10
15 2
10 19
14 11
11 4
17 7
12 16
6 3
4 12
14 17
0 9
19 5
1 8
19 15
11 2
6 17
14 5
10 8
11 18
4 19
1 11
12 10
1 4
18 0
19 9
3 14
16 6
12 8
17 14
10 16
4 1
13 15
11 15
5 7
6 5
19 1
19 0
2 15
13 11
6 7
16 16
14 12
8 4
0 8
5 15
4 13
3 0
0 4
3 16
7 3
9 18
8 19
8 3
2 11
7 11
4 17
10 6
10 10
3 8
16 19
6 12
1 12
13 18
15 14
10 17
19 3
9 9
8 7
8 2
17 0
5 8
10 13
7 7
12 0
17 16
15 19
7 19
8 1
14 9
15 10
18 17
11 16
1 10
1 14
0 5
15 16
18 8
10 9
9 4
8 11
19 2
16 9
18 19
8 12
3 7
8 13
12 15
16 10
2 2
3 17
9 17
19 8
16 15
3 11
9 11
2 13
8 6
9 5
18 10
16 14
15 4
13 13
2 4
9 1
0 16
4 5
1 19
10 11
3 19
0 15
11 13
6 15
6 19
18 7
3 12
12 11
