13 83 1519
100000000000
100000000000
100000000000
100000000000
100000000000
100000000001
100000000001
000000000001
000000000001
000000000001
000000000001
100000000001
100000000001
0001111111111
0000000000000
0000000000000
0000000000000
0000000000000
0000000000000
0000001111110
0000000000000
0000000000000
0000000000000
0000000000000
0000001111110
12 8
10 5
2 1
4 5
4 4
2 9
3 3
12 12
1 0
3 0
10 1
8 5
11 10
10 10
5 8
6 8
12 5
8 3
5 3
6 1
11 0
2 6
5 5
8 1
9 12
5 12
4 3
4 6
1 7
8 7
7 9
1 4
6 7
3 7
0 2
8 10
8 4
7 0
3 5
9 7
3 8
9 0
11 3
6 3
5 0
12 10
10 3
8 11
9 11
10 6
9 9
6 2
3 1
11 9
9 3
8 9
0 4
3 6
0 7
8 8
5 4
11 6
12 6
7 3
10 12
0 5
6 5
6 9
3 4
1 9
10 8
1 11
0 11
12 7
0 12
6 12
4 0
0 10
8 2
6 11
0 6
11 11
5 10
