12 116 1520
00000000000
00000000000
00000000000
00000000000
00000000000
00100000000
00100000000
00100000000
00100000000
00100000000
00100000000
00100000000
000000000000
000000000000
000000000000
000111111111
011000000000
000000000000
000000000000
000000000000
000000001111
000000000000
000000000000
3 10
7 1
7 9
9 10
5 8
8 1
10 6
6 7
11 3
3 3
2 1
5 1
8 4
3 2
10 4
9 2
6 2
4 3
0 0
10 8
0 4
8 2
9 1
2 5
8 5
7 5
2 2
5 7
10 0
2 11
10 3
11 2
7 11
4 1
8 8
5 5
11 8
0 2
3 5
8 0
0 1
7 10
0 6
11 6
6 11
9 3
2 6
3 11
10 11
3 7
1 6
6 5
5 6
3 6
8 3
6 1
2 10
7 4
5 10
0 10
1 8
11 1
4 8
8 7
10 5
6 10
4 6
4 4
9 11
11 11
5 0
2 3
2 0
3 9
9 8
7 6
2 4
4 7
5 4
8 6
1 11
5 11
1 1
3 8
1 3
4 9
7 7
6 6
4 11
0 5
7 2
11 10
5 9
9 4
1 7
10 7
1 4
1 5
11 0
4 0
4 10
9 5
6 0
9 6
10 10
7 8
4 2
5 3
9 0
11 5
11 7
0 8
0 7
9 9
3 4
11 4
