17 237 6344
0000010000100000
0010010000100000
0010010000100000
0010010000100000
0010010000100000
0010000000000000
0010000000000000
0010000000000000
0010000000000000
0010000000000000
0010000000000000
0010000000000000
0010000000100001
0010000000100001
0010000000100001
0010000000100001
0010000000100001
00000000000000000
00000000000000000
00000000000000000
00000000000000000
00000000000000000
00000000000000000
00000000000000000
00000000000000000
00000000000000000
00000000000000000
00000000000000000
00000000000000000
00000000000000000
00000000000000000
00000000000000000
00000000000000000
10 9
10 7
9 11
13 16
16 7
9 15
5 0
1 8
11 2
0 6
12 9
6 8
15 6
8 9
14 14
5 4
14 8
13 13
10 10
5 8
6 12
15 7
14 10
15 0
8 11
14 16
3 2
12 14
14 7
2 1
5 15
4 16
3 7
16 10
13 5
6 15
10 15
13 3
14 0
15 15
4 1
10 2
12 10
11 14
4 10
14 12
4 2
8 0
3 8
7 9
4 0
12 0
15 13
15 10
16 16
3 9
3 0
3 16
0 7
11 12
7 14
0 0
15 1
7 5
6 2
11 13
4 14
4 8
13 1
14 13
2 0
12 3
3 14
7 15
7 6
12 16
2 2
1 11
2 10
12 4
14 6
2 16
2 4
9 3
8 16
10 16
13 0
13 14
11 0
2 9
13 8
12 6
0 1
9 10
2 5
8 4
6 14
3 4
15 16
3 10
1 14
14 11
0 3
10 6
4 3
0 15
1 10
8 14
11 1
1 6
8 3
16 13
5 12
13 2
10 12
7 7
9 1
0 16
16 9
9 7
2 13
15 3
2 14
11 4
13 6
16 6
14 4
0 2
3 12
0 13
1 2
10 0
8 13
12 11
7 8
9 2
15 2
9 12
7 3
10 13
16 3
14 3
8 1
0 9
0 12
7 16
2 6
0 5
1 16
16 5
6 11
4 15
2 15
12 8
7 1
16 12
15 12
4 4
16 0
11 9
1 13
13 7
12 13
2 8
3 1
9 5
6 13
10 1
11 15
12 7
6 6
14 2
4 11
10 5
15 8
10 4
8 8
15 4
0 10
11 8
6 7
15 9
4 13
3 6
4 9
16 11
11 10
13 9
1 3
12 12
13 4
13 15
5 9
9 16
8 10
0 8
6 4
16 15
3 5
10 3
3 15
12 1
7 0
13 10
1 4
13 11
14 5
8 2
14 9
7 11
8 5
5 5
1 5
6 10
7 4
11 3
12 15
15 14
5 6
15 11
6 16
5 13
8 6
1 0
4 12
5 1
5 16
16 14
5 3
10 11
11 7
10 14
12 2
7 12
6 9
5 10
14 1
