16 41 1748
000000000000000
000000000100000
000000000100000
000000001100000
000000011100000
000000011100000
000010011100000
000010011100000
000010011100000
000000011000000
001000011000000
001000011000000
001000011000000
001000011000000
001000010000000
001000010000000
0011111111111111
0000000000000000
0111111110000000
0000000000000000
0000000000000000
0001111100000000
0000000000000000
0000000000000000
0000000000000011
0000000000000000
0000000000000000
0010000000000000
0000000000111111
0000000011111110
0000000000000000
11 1
9 7
9 14
8 11
2 2
9 15
0 13
9 10
10 0
6 0
2 12
4 6
10 3
14 13
6 1
10 9
9 1
0 1
11 6
10 4
8 7
11 9
2 0
3 6
11 14
2 9
11 3
4 11
10 6
13 13
8 10
15 1
1 14
0 8
3 4
0 9
14 4
10 15
13 12
11 0
9 2
