19 99 2268
000000000000000000
000000000000000000
000000000000000000
000000000000000000
000000000000000000
000000000000000000
000000000000000000
000000000000000000
000000000000000000
000000000000000000
000000000000000000
000000000000000000
000000000000000000
000000000000000000
000000000000000000
000000000000000000
000000000000000000
000000000000000000
000000000000000000
0000000000000000000
0000000000000000000
0000000000000000000
0000000000000000000
0000000000000000000
0000000000000000000
0000000000000000000
0000000000000000000
0000000000000000000
0000000000000000000
0000000000000000000
0000000000000000000
0000000000000000000
0000000000000000000
0000000000000000000
0000000000000000000
0000000000000000000
0000000000000000000
15 0
11 16
10 11
3 16
0 12
10 2
10 17
6 8
8 9
9 7
5 13
10 0
15 4
18 16
1 17
6 0
7 9
16 0
3 1
12 8
14 17
14 5
17 18
2 14
11 9
6 12
12 0
2 12
6 14
4 9
14 4
5 9
13 12
4 3
14 13
0 6
10 14
14 0
17 9
12 9
11 12
15 10
8 13
2 2
4 14
17 17
10 4
8 11
14 9
12 18
18 5
7 7
6 15
12 14
13 9
16 18
16 4
16 13
4 8
1 18
10 10
6 9
5 14
11 1
7 16
11 18
0 8
12 15
17 12
5 3
12 12
13 6
3 13
15 12
8 1
18 7
14 11
6 4
3 9
17 16
13 16
17 11
0 15
3 0
11 7
8 4
9 18
11 5
12 1
11 8
10 5
9 4
15 5
2 10
4 0
13 7
17 15
4 11
0 2
