14 99 1566
0000000000000
0000000000000
0000000000000
0000000000000
0000000000000
0000000000000
0000000000000
0000000000000
0000000000000
0000000000000
0000000000000
0000000000000
0000000000000
0000000000000
11111111111110
00000000000000
11111110000000
00000000000000
00000000000000
00000000000000
00000000000000
00000000000000
00000000000000
00000000000000
00000000000000
10011111111111
00000000000000
4 11
2 11
9 1
13 1
8 5
8 6
0 3
10 4
12 0
12 4
11 12
11 6
10 7
11 2
0 9
6 3
5 6
2 1
7 12
4 7
0 4
13 7
13 13
10 3
8 9
5 10
13 12
8 11
10 0
10 8
11 9
3 5
7 13
1 0
2 2
6 12
2 10
9 12
13 9
5 12
13 5
5 8
5 1
7 2
10 6
6 4
6 1
7 4
9 10
3 10
9 13
9 5
9 3
5 5
12 11
13 6
4 8
9 2
1 10
8 1
2 0
9 11
7 10
0 0
7 11
8 12
8 4
7 7
10 9
5 3
1 12
8 3
8 7
4 6
3 12
0 7
12 6
0 2
11 10
12 10
0 8
4 13
10 5
11 3
4 5
2 13
11 13
6 9
13 0
5 4
12 8
2 4
4 1
9 4
12 13
2 3
11 1
7 1
10 13
