19 99 3486
000000000000000000
000000000000000000
000000000000000000
000000000000000000
000000000000000000
000000000000000000
000000000000000000
000000000000000000
000000000000000000
000000000000000000
000000000000000000
000000000000000000
000000000000000000
000000000000000000
000000000000000000
000000000000000000
000000000000000001
000000000000000001
000000000000000001
0111111111111111111
1110000000000000000
0000000000000000000
0000000000000000000
0000000000000000000
0000000000000000000
1111111111111111000
0000000000000000000
0000000000000000000
0000000000000000000
0000011111111111111
0000000000000000000
0000000000000000000
0000000000000000000
0000000000000000000
0000000000000000000
0000000000000000000
0000000000000000000
16 3
17 15
0 10
6 8
5 10
8 11
0 8
1 14
11 3
4 6
13 9
15 14
11 15
18 13
15 17
16 9
5 3
1 12
9 5
5 14
17 18
4 8
10 8
1 3
16 1
0 9
2 3
8 18
10 2
16 10
7 4
5 12
11 17
18 5
8 15
0 7
16 13
9 16
13 13
3 0
1 8
18 11
7 8
6 15
10 13
7 12
17 8
2 13
14 14
9 17
1 2
2 11
18 2
15 2
12 14
12 12
14 12
2 7
5 15
12 6
16 11
0 4
9 2
16 5
8 14
9 0
12 5
6 5
8 12
5 5
13 18
9 7
10 7
16 12
3 4
2 4
14 4
10 0
17 10
16 16
2 5
4 4
14 5
9 11
18 15
9 18
2 2
17 1
3 12
11 11
18 10
3 16
9 9
9 1
5 2
3 10
4 13
14 6
18 1
