15 139 2508
00000000000100
00000000000100
00000000000000
00000000000000
00000000000000
00000000000000
00000000000000
00000000000000
00000000000000
00000000000000
00000000000000
00000000000000
00000000000000
00010000000000
00010000000000
000000000000000
111110000000000
000000000000000
100000000000000
111111111100000
000000000000000
000000000000000
000000000000000
000000000000000
000000000000000
000000000000000
000000111111111
000000000000000
000000000000000
2 13
2 3
7 8
14 5
5 8
4 9
0 5
9 3
5 3
12 8
12 0
14 12
7 3
1 8
10 13
7 0
13 6
9 10
2 11
4 12
12 3
14 9
13 11
0 7
5 1
1 13
2 14
6 10
1 2
5 13
9 6
8 9
11 12
0 9
1 3
8 11
3 11
3 8
5 9
9 11
2 5
11 9
4 6
13 9
10 8
0 12
7 10
0 4
12 4
11 6
6 2
6 4
5 0
7 12
4 1
0 13
8 12
10 7
1 5
6 5
9 14
8 1
11 11
10 11
11 1
3 7
11 13
5 7
8 5
12 10
14 14
10 5
3 1
13 0
12 9
1 14
13 5
9 4
9 2
11 10
3 3
1 0
1 10
8 14
2 6
14 3
5 2
13 7
6 7
8 4
14 4
8 3
2 2
8 6
13 1
4 2
11 4
3 4
10 6
1 12
8 10
13 8
1 7
9 0
13 2
14 6
6 14
14 13
14 8
6 8
2 10
5 4
6 3
12 2
12 1
7 7
5 10
14 10
0 10
8 8
12 13
12 6
10 0
2 7
9 5
8 0
11 5
9 8
7 4
12 11
11 8
4 8
2 9
7 13
0 8
7 5
2 4
10 4
1 4
