20 58 1959
0000000000100000000
0000000000100000000
0000000000101000000
0000000000101000000
0000000000101000000
0000000000001000000
0000000000000000000
0000000000000000000
0000000000000000000
0000000000001000000
0000000000001000000
0100000000001000000
0100010000011000000
0100010000011000000
0100000000011000000
0100000000001000000
0000000000001000000
0000000000001000000
0000000000001000000
0000000000001000000
11111110000000000000
00000000000000000000
00000000000000000000
00000000000000000000
00000000000000000000
00111111111111111111
00000000000000000011
00000000000111111111
00000000000000000000
00000000000000000000
11111110000000011111
00111111111100000000
00000000000000000000
00000000000001100000
00000000000000000000
00000000000000000000
00000000000000000000
00000000000000000000
00000000000000000000
7 4
2 8
17 2
4 3
5 5
12 12
6 10
10 13
14 15
10 14
17 18
18 17
3 10
8 15
2 0
4 16
0 14
14 19
12 9
16 19
13 18
15 0
10 11
0 6
5 8
3 4
4 11
5 7
9 17
14 18
15 9
1 10
19 5
11 6
3 16
9 7
16 12
12 19
9 10
14 1
4 2
17 1
17 4
12 2
11 4
3 2
10 17
3 9
6 2
6 1
8 4
4 18
11 5
10 12
13 10
9 15
0 7
14 2
