13 165 3300
000000000000
000000000000
000000100000
000000100000
000000100000
000000100001
000000100001
000000000001
000000000001
000000000001
000000000001
000000000001
000000000001
1111111111110
0000000000000
0000000000000
0000000000000
0000000000000
0000000000000
1111111110000
0000000000000
0000000000000
0000000000000
1000000000000
0000000000000
9 11
12 0
11 4
7 2
2 7
4 7
1 8
7 8
3 4
8 5
5 4
0 5
5 1
10 1
10 6
5 8
2 12
11 10
3 9
9 4
10 10
10 3
12 6
0 11
11 0
9 3
9 8
1 1
2 0
5 11
5 0
5 10
11 12
9 5
2 8
10 0
3 10
7 12
0 7
3 11
7 7
11 2
6 1
4 4
1 2
5 9
4 6
7 10
9 2
4 12
6 0
5 12
8 8
12 1
12 5
7 9
11 11
8 4
0 3
5 5
7 0
1 4
8 7
9 1
3 1
2 4
5 7
11 9
7 3
3 3
0 1
0 9
9 10
9 0
5 2
5 3
6 11
9 7
3 6
0 4
11 6
12 12
2 3
10 2
9 9
6 9
10 7
1 10
4 1
10 4
2 2
1 3
12 9
0 10
10 12
6 6
6 8
0 0
12 8
3 7
8 10
12 11
8 11
4 10
2 9
7 6
2 1
4 3
1 11
7 11
11 5
11 8
4 8
1 0
0 2
9 12
12 10
6 7
6 2
3 0
3 8
0 12
2 5
3 12
12 4
5 6
6 4
6 5
10 5
1 6
6 12
8 1
6 3
8 9
4 0
2 11
3 2
1 12
12 3
4 2
8 0
2 6
0 8
8 3
1 7
4 11
12 2
11 1
10 9
1 9
12 7
4 5
4 9
8 6
6 10
2 10
1 5
10 8
8 2
7 1
3 5
7 5
11 3
8 12
9 6
