14 169 3273
0010000000000
0010000100000
0010000100000
0010000100000
0010000100000
0000000100000
0000000100000
1000000100000
0000000100000
0000000100000
0000000100000
0000000000001
0000000000001
0000000000000
00000000000000
00000000000000
00000000000000
00000000000000
00000000000000
11000001000000
11111000000000
00000000000000
00000000000000
00000000000000
00000011111111
00000000000000
11111100000000
13 0
3 5
11 13
7 8
13 1
9 6
11 7
5 0
1 4
11 12
7 4
9 12
7 1
1 10
3 1
0 13
8 3
9 13
10 9
3 9
6 8
10 11
5 3
8 13
11 3
1 13
4 12
13 4
1 3
13 11
11 5
2 8
6 2
11 6
10 0
12 7
7 9
11 0
5 10
13 3
1 6
8 11
12 8
10 7
3 13
12 11
3 7
0 10
10 10
8 4
4 1
6 9
4 10
12 13
3 4
9 9
3 11
4 11
1 5
10 3
9 3
9 10
8 9
6 3
9 1
8 10
6 6
12 2
7 13
5 7
2 5
10 5
5 6
2 4
2 6
2 3
5 8
1 8
11 11
6 4
10 8
6 7
3 3
12 5
6 13
1 0
2 2
2 0
6 5
3 0
4 4
2 9
12 3
5 1
3 2
11 10
13 9
13 12
1 7
5 4
4 5
9 2
9 4
12 6
10 6
0 0
13 10
7 7
1 1
8 12
1 9
0 8
6 12
3 8
8 0
0 11
13 2
7 5
3 6
5 11
12 4
2 13
11 2
10 2
4 13
8 8
8 2
3 12
13 7
8 1
13 13
12 1
4 3
4 8
2 10
2 11
0 6
7 6
6 0
8 5
4 7
0 12
5 13
0 7
0 1
1 11
13 5
4 9
6 1
12 10
1 12
3 10
7 0
1 2
5 9
11 4
8 6
9 11
0 9
8 7
11 9
12 9
5 5
9 8
10 1
5 12
7 11
9 7
4 6
