14 82 2260
0100000000000
0100000000000
0100000000000
0100000000000
0100000000000
0100000000000
0100000000000
0100000000000
0100000000000
0100000000000
0100000000000
0100000000000
0000000000000
0000001000000
00000000000000
00000000111111
00000000000000
00000000000000
00000000000000
00000000000000
00000000000000
00000000000000
00111111111110
00000000000000
00000011111111
00000000000000
00000000000000
2 7
0 11
6 12
13 3
9 9
4 2
13 4
1 4
2 0
11 1
9 6
13 13
0 9
3 1
1 6
9 2
6 1
8 2
12 1
11 0
2 11
9 3
2 12
3 8
12 4
9 12
1 9
7 1
8 10
12 3
8 13
2 3
7 7
8 7
1 10
11 8
12 13
11 5
6 10
1 3
12 7
3 13
7 9
6 9
2 2
6 0
1 5
11 3
12 5
7 5
7 8
10 7
11 12
1 7
4 5
6 3
2 9
1 13
5 6
13 10
2 10
10 6
6 13
2 4
3 6
4 6
6 2
5 4
11 10
9 8
5 5
9 0
13 5
5 12
5 11
10 5
6 4
11 7
3 0
5 8
8 9
10 0
