16 40 472
000000000000000
000000000000000
000000000000000
000000000000000
000000000000000
000000000000000
000000000000100
000000000000000
000000000000000
000000000000000
000000000100000
000010000100000
000010000100000
000010000100000
000010000100000
000010000100000
0000000000000000
0000000000000000
0000000000000000
0000000000000000
0000000000000000
0000000000000000
0000000000011111
0000000000000000
0000000000000000
0000000000000000
0000000000000000
0000000000000000
0000000000000000
0000000000000000
0000000000000000
11 7
9 5
9 10
14 14
0 8
0 11
1 12
12 3
1 11
4 0
6 6
8 2
4 12
0 9
6 5
10 1
14 9
0 10
7 4
0 0
2 12
13 6
10 12
6 10
5 11
15 1
1 3
9 6
14 1
8 14
7 8
8 4
14 8
7 14
14 4
7 3
8 0
15 13
7 12
11 6
