14 144 2888
0000000000000
0000000000000
0000000000000
0000000000000
0000000000000
0000000000000
0000000000000
0000000000000
0000000000000
0000000000000
0000000000000
0000000000000
0000000000000
0000000000000
00000000000000
00000000000000
00000000000000
00000000000000
00000000000000
00000000000000
00000000000000
00000000000000
00111111111111
00000000000000
00000000000000
00000000000000
00000000000000
10 13
5 13
12 13
13 6
13 9
12 2
1 7
13 0
10 3
8 7
1 10
6 7
13 12
11 8
8 3
0 8
6 8
3 3
3 6
2 2
3 13
4 8
3 12
0 10
9 2
5 7
7 9
5 4
7 3
6 13
9 6
4 6
0 6
3 5
13 5
4 12
9 10
12 0
1 12
10 5
0 4
0 7
12 1
4 2
8 2
7 12
3 8
12 5
9 1
2 13
0 0
1 1
12 7
11 11
1 5
7 4
2 4
13 13
6 2
12 6
3 0
10 4
6 0
5 6
10 12
11 3
7 10
3 7
5 8
13 10
2 3
2 8
5 3
8 6
10 10
8 9
12 8
10 0
7 13
7 8
10 8
12 11
6 5
12 12
13 11
2 10
10 6
8 12
12 3
2 12
9 13
10 2
5 12
12 10
13 4
5 5
4 0
6 6
5 1
1 4
7 7
8 13
9 3
13 7
8 11
11 12
9 7
4 9
11 5
9 4
13 1
9 5
11 1
0 13
11 7
7 2
11 0
11 10
7 5
0 5
8 8
1 3
6 3
8 5
2 5
7 6
11 4
10 11
1 8
9 0
2 1
6 11
13 3
1 6
0 11
8 1
0 1
0 9
9 11
11 13
3 1
6 1
5 0
11 2
