12 63 912
01010000000
01010000000
01011000000
01011000000
00011000100
00011000100
00011000100
00011000100
00011000100
00001000100
00001000100
00000000100
000000000000
000011110000
000000000000
000000000000
000000000000
000000000000
000000000011
000000000000
000000000000
000000000000
000000000000
3 1
10 7
8 5
2 9
0 8
1 11
4 10
9 1
1 8
5 1
11 11
7 5
7 9
8 7
7 11
1 1
7 1
11 8
1 7
1 0
1 4
10 1
6 1
6 5
5 5
9 10
7 0
7 8
11 4
10 3
7 4
4 7
5 7
11 9
9 11
8 1
4 2
1 10
6 8
2 11
4 8
7 2
10 4
9 5
3 5
4 0
9 0
5 6
0 10
8 8
8 6
6 6
11 5
6 2
8 4
2 10
2 2
3 8
6 0
6 4
0 9
6 7
5 3
