17 75 1710
0000000000000000
0000000100100000
0000000100100001
0000000100100001
0000000100100001
0000000100100001
0000000100100001
0000000100010011
0000000100010011
0000000011010011
0000000011010011
0000000100000000
0000000100000000
0000000000000000
0000000000000000
0000000000000000
0000000000000000
00011111111111111
00000000000000000
00000000000000000
11100111000000000
00000000000000000
00000000000000000
00000000000000000
00000000000000000
00000000000000000
00000000000000000
00000111111111111
00000000000000000
00000000111111100
00000000000000000
00000000000000000
00000000000000000
5 15
8 14
14 14
3 3
12 0
5 10
4 3
15 14
3 8
7 6
13 15
4 14
7 0
0 6
6 2
15 13
16 14
14 16
2 9
9 2
14 1
0 8
3 7
7 12
12 1
3 5
7 1
1 12
11 8
16 8
9 7
3 10
12 13
2 15
12 15
3 6
15 5
1 15
8 9
8 8
0 5
1 4
2 3
1 7
3 0
4 16
8 6
3 12
11 16
13 12
15 12
13 5
16 3
10 12
11 1
6 8
14 8
14 13
13 9
0 10
4 10
8 1
9 10
6 1
6 4
11 2
10 16
14 6
13 6
10 0
13 1
1 2
11 0
14 12
14 3
