16 110 2272
000000000000000
000000000000000
000000000000000
000000000000000
000000000000000
000000000000000
000000000000000
000000000000000
000000000000000
000000000000000
000000000000000
000000000100000
000000000100000
000000000100000
000000000100000
000000000100000
0000000000000000
0000000000000000
0000000000000000
0000000000000000
0000000000000000
0000000000000000
0000000000000000
0000000000000000
0000000000000000
0000000000000000
0000000000000000
0000000000000000
0000000000000000
0000000000000000
0000000000000000
9 3
1 7
4 4
1 10
10 10
0 3
0 4
5 7
7 10
14 10
12 6
1 15
6 4
14 13
3 13
3 15
10 5
6 6
10 9
3 14
8 12
9 7
8 11
13 14
11 4
0 14
1 2
14 3
14 0
2 8
12 14
6 15
13 1
9 15
14 2
6 9
5 6
6 8
6 12
11 9
10 4
13 7
9 10
10 2
4 13
14 11
15 14
2 13
8 4
0 15
4 7
4 10
5 4
5 11
10 13
3 2
15 12
11 13
2 1
3 4
1 12
11 0
7 15
5 8
9 11
10 0
2 7
0 6
13 4
11 8
8 15
6 10
3 5
10 7
7 4
10 15
0 5
11 10
5 10
3 1
9 14
3 11
8 7
12 12
3 7
14 8
1 6
2 5
5 15
8 14
2 4
9 12
11 7
11 12
4 2
7 0
4 11
9 13
15 6
14 4
5 0
5 1
13 0
2 3
1 14
6 1
13 6
5 5
15 10
2 6
