19 97 2907
000000000000000000
000000000000000000
000000000000000000
000000000000000000
000000000000000000
000000000000000000
000000000000000000
000000000000000000
000100101000100000
000000101000000000
000010101000000000
000010101000000000
000010111000000000
000010111000000000
000010111000000000
000010111000000000
000010111100000000
000010010100000000
000010010100000000
0000000000000000000
0000000000000000000
0000000000000000000
0000000000000000000
1111111111100111111
0000000000000000000
0000000000000000000
0000111111111111111
0000000000000000000
0000000000000000000
0000000000000000000
0000010000000000000
0000000000000000000
0000000000000000000
0000000000000000000
0000000000111111110
0000000000000000000
0000000000000000000
13 13
15 10
16 0
1 6
3 3
3 8
16 9
15 15
15 8
0 6
15 17
4 8
9 17
1 9
1 1
14 9
5 0
7 8
8 18
11 15
2 13
10 10
18 15
13 16
13 14
12 4
4 14
8 16
13 11
14 12
15 11
6 11
14 14
15 12
4 1
8 14
17 11
13 10
17 8
12 0
14 17
3 12
1 3
4 13
5 2
4 5
5 15
12 10
1 18
5 1
3 10
7 7
12 15
12 2
17 15
6 12
15 18
14 16
18 2
6 15
16 18
7 9
3 18
5 3
0 1
7 5
14 15
9 14
2 12
16 5
11 12
5 4
13 0
11 5
18 3
8 3
13 18
3 13
9 13
2 16
10 8
10 17
14 2
0 18
8 0
17 2
5 9
4 15
2 1
16 7
12 3
8 1
3 15
11 6
5 16
2 10
14 7
