13 133 2587
000000000000
000000000000
000000000000
000000000000
000000000000
000000100000
000000100000
000000100001
000000100001
000000100001
000000100001
000000000001
000000000000
0000000000000
0000000000000
0000000000000
0000000000000
0000000000000
0000000000000
0000000001110
0000000000000
0000000000000
0000000000000
1111111111100
1111111111110
0 6
9 10
1 7
9 11
4 1
12 11
4 5
6 2
3 2
12 0
4 7
4 11
1 0
7 3
6 0
12 3
7 10
8 3
8 0
9 0
3 11
10 3
4 0
8 8
2 4
10 5
2 0
11 9
12 4
5 10
0 7
6 10
2 3
3 9
12 1
2 5
8 1
2 12
12 9
12 10
7 11
6 9
6 11
5 6
8 2
5 7
11 8
12 8
6 7
0 3
7 9
4 6
11 1
0 12
6 12
3 0
0 5
11 12
7 2
2 1
7 4
0 11
1 8
3 6
7 7
11 11
11 2
0 4
10 1
2 2
10 4
3 1
1 6
6 4
5 5
5 3
5 12
12 5
9 2
12 12
7 0
10 0
1 1
3 5
6 5
1 9
0 1
3 10
5 2
10 11
10 2
1 4
9 8
11 0
5 4
5 1
9 9
12 7
12 6
7 12
8 11
0 2
1 3
1 11
6 8
8 4
11 7
9 7
3 3
6 1
10 9
11 6
4 10
7 5
11 4
5 11
10 7
4 4
2 7
9 12
10 6
2 10
9 3
2 11
8 7
2 8
4 2
5 8
4 8
9 5
6 6
8 5
10 8
