17 102 1684
0000000000000000
0000000000000000
0000000000000000
0000000100000000
0000000100000000
0000000100000000
0000000100000000
0000000100000000
0000000100000000
0000000100000000
0000000100000000
0000000100000000
0000000100000000
0000000100000000
0000001100000000
0000001100000000
0000011100000000
00000000000000000
00000000000000000
00000000000000000
00000111000111111
00000000000000000
00000000000000000
00000000000000000
00000111000000000
00000000000000000
00000001000000000
00000000000000000
00000000000000000
00000000000000000
00000000000000000
00000000000000000
00000000000000000
4 16
5 14
5 12
1 5
12 9
11 8
12 14
0 11
8 3
10 2
15 14
14 8
1 16
16 6
13 14
13 2
0 8
15 3
11 15
7 7
0 0
14 2
16 13
13 3
1 10
2 13
3 6
2 1
7 15
5 1
2 10
1 9
3 10
3 7
5 6
8 7
0 10
7 14
2 2
2 7
9 9
10 8
10 7
4 0
8 11
2 3
4 5
2 6
13 13
9 13
9 2
4 7
4 10
15 8
13 4
1 6
8 2
13 7
3 16
7 0
8 0
5 5
9 4
10 0
12 0
8 13
16 12
9 6
3 8
4 11
14 3
16 11
0 5
6 11
3 13
5 16
6 16
7 9
5 3
3 1
12 5
3 9
13 6
7 8
14 1
6 1
8 12
11 12
9 16
8 5
11 14
6 2
13 16
16 10
16 2
4 12
13 8
11 2
1 0
9 1
12 4
0 4
