17 172 2592
0000000000000000
0000000000000000
0000000000000000
0000000000000000
0000000000000000
0000000000000000
0000000000000000
0000000000000000
0000000000000000
0000000000000000
0000000000000000
0000000000000000
0000000000000000
0000000000000000
0000000000000000
0000000000000000
0000000000000000
00000000000000000
00000000000000000
00000000000000000
00000000000000000
00000000000000000
00000000000000000
00000000000000000
00000000000000000
00000000000000000
00000000000000000
00000000000000000
00000000000000000
00000000000000000
00000000000000000
00000000000000000
00000000000000000
11 12
3 1
2 3
8 15
11 15
14 15
10 6
15 3
9 11
10 12
15 12
9 7
6 12
5 7
6 1
3 3
3 6
2 11
12 0
10 1
9 5
11 11
6 4
11 9
8 12
13 6
0 14
4 11
4 13
13 3
6 16
7 3
11 0
0 10
2 16
8 0
1 11
11 6
2 2
0 8
6 13
3 7
14 8
9 0
0 6
9 8
6 10
7 12
5 2
2 5
6 14
2 6
13 2
8 11
9 12
10 11
16 16
16 8
8 14
5 10
15 5
10 5
9 10
6 7
10 15
13 15
11 5
7 5
12 5
16 1
14 16
8 13
12 2
1 0
11 8
13 11
13 16
3 2
7 4
15 11
1 5
9 4
10 3
3 0
14 12
10 8
14 1
2 10
0 5
13 14
6 11
7 14
5 11
12 11
4 12
8 10
11 4
15 6
15 10
1 12
13 13
12 9
4 16
1 14
6 0
10 4
7 16
11 13
12 8
5 4
11 14
13 8
12 16
1 6
5 3
2 12
5 15
4 9
16 10
7 1
13 0
15 8
4 10
5 13
4 1
0 0
1 4
12 3
13 12
0 4
0 1
8 1
15 16
12 4
15 14
4 14
4 15
4 2
3 16
2 14
15 0
16 14
3 14
5 12
16 5
5 8
2 9
16 7
8 9
1 7
15 1
8 6
16 2
14 6
3 5
13 7
0 3
9 1
4 3
3 9
14 10
0 2
7 6
7 13
10 16
1 2
3 4
1 3
0 12
11 3
15 9
1 10
