17 132 2895
0000000000000000
0000000000000000
0000000000000000
0000000000000000
0000000000000000
0000000000000000
0000000000000000
0000000000000000
0000000000000000
0000000000000000
0000000000000000
0000000000000000
0000000000000000
0000000000000000
0000000000000000
0000000000000000
0000000000000000
01111111111111111
00000000000000000
00000000000000000
00000000000000000
00000000000000000
00000000000000000
00000000000000000
00000000000000000
00000000000000000
00000000000000000
00000000000000000
00000000000000000
00000000000000000
00000000000000000
00000000000000000
00000000000000000
6 15
16 4
0 2
15 3
1 16
5 8
3 2
1 0
7 1
10 7
12 13
13 12
3 10
6 7
10 2
7 6
10 3
13 1
14 13
2 7
2 4
4 5
10 10
11 14
12 15
8 6
6 4
5 2
9 16
10 14
14 11
9 15
11 4
0 1
13 15
5 4
15 14
12 2
13 6
7 0
16 5
15 0
15 9
8 7
2 11
8 12
2 1
8 4
2 16
5 13
14 9
16 12
8 15
2 10
0 5
14 10
12 6
5 12
0 7
4 2
2 14
2 15
11 0
12 0
12 12
7 12
8 10
9 0
0 13
3 8
10 15
9 11
3 0
9 2
11 15
14 1
9 14
11 13
5 6
13 13
4 13
12 5
1 3
14 15
3 11
11 9
9 13
8 11
4 10
1 1
12 16
10 16
3 15
0 10
13 9
14 8
1 7
7 15
4 7
16 14
7 16
16 0
16 8
13 16
10 12
2 9
16 7
8 2
0 4
6 8
6 10
4 0
13 8
7 4
12 1
8 13
1 14
16 15
10 4
0 6
15 11
13 11
7 9
0 11
12 4
10 0
11 5
5 3
0 16
10 13
7 11
7 5
