20 391 14094
0000000000000000000
0000001000000000100
0000000000000000000
0000000100000000000
0000000100000000000
0000000100000000000
0000000000000000000
0000000000000000000
0000000000000000000
0000000000000000000
0000000000000000000
0000000000000000000
0000000000000000000
0000000000000000000
0100000000000000000
0100000000000000000
0100000000000000010
0100000000000000010
0000000000000000010
0000000000000000010
00000000000000000000
11111111111111111110
11111111111111111110
00000000000000000000
00000000000000000000
10000000000000000000
00000000000000000000
00000000111111111111
11000000000000000000
00000000000000000000
11111111111111110000
00000000000000000000
00000000000000000000
11100000000000000111
00001111111111111111
00000000000000000000
00000000000000000000
00000000000000000000
00000000000000000000
3 14
16 5
8 3
7 6
17 12
16 0
2 5
7 4
0 3
5 3
7 16
2 11
16 3
19 10
11 16
2 12
8 5
7 19
11 4
11 7
3 13
8 1
9 19
9 12
4 14
3 7
14 18
17 2
7 18
7 9
5 19
3 10
10 15
13 10
19 14
13 6
6 3
2 0
4 19
18 17
13 16
2 19
13 4
5 0
17 3
16 1
3 6
4 16
5 5
2 14
0 8
6 8
17 13
12 0
11 3
17 4
9 16
0 4
14 8
2 8
19 13
14 17
10 18
2 6
7 1
3 19
7 17
19 0
10 12
15 15
17 15
8 8
10 1
8 15
9 1
3 0
19 2
16 18
2 4
17 17
15 13
5 12
3 8
14 6
7 11
12 2
9 8
10 17
15 11
6 6
1 5
19 1
10 2
2 16
0 15
8 10
5 18
9 10
1 1
3 18
12 17
18 7
3 4
16 15
17 0
16 10
5 8
10 16
10 4
0 19
12 6
4 0
10 11
12 3
11 15
11 11
7 10
18 1
17 18
11 19
10 14
6 16
17 7
14 0
13 13
4 9
4 13
15 0
8 14
8 12
4 4
12 5
16 17
1 13
15 3
13 2
16 13
3 12
16 6
1 12
1 3
8 18
16 2
19 8
18 2
17 9
12 16
13 11
2 18
9 11
9 9
14 13
7 2
14 2
6 11
11 6
6 19
0 5
4 2
4 17
15 17
18 10
0 9
10 5
13 8
1 19
9 3
6 18
16 14
16 9
17 1
17 8
0 11
18 9
12 8
18 8
8 19
12 15
1 16
6 9
16 19
11 10
18 13
15 10
3 17
3 3
17 11
8 0
6 2
10 0
9 2
8 4
7 0
11 18
15 12
14 19
5 6
6 4
4 12
18 5
18 16
4 3
0 10
12 18
14 9
1 9
2 1
10 13
19 4
2 9
19 6
7 13
1 8
12 4
9 18
12 7
8 13
8 7
1 17
15 5
3 1
9 15
14 15
3 2
11 5
1 4
0 6
14 5
0 16
1 18
18 19
8 2
0 17
7 8
9 13
0 2
15 18
7 12
14 3
14 12
2 15
3 15
15 6
11 0
18 0
17 19
13 0
8 11
11 17
12 11
1 0
6 10
19 3
4 10
18 14
10 3
19 5
18 3
19 12
18 6
6 0
0 7
15 19
3 5
19 7
10 8
13 15
5 16
9 6
19 17
6 13
9 7
4 15
8 6
0 12
17 5
4 7
3 11
5 1
14 16
13 9
4 8
7 14
15 8
5 9
16 7
3 16
11 1
5 2
15 16
5 4
5 15
11 2
18 12
4 11
1 14
9 14
14 10
1 10
13 14
5 14
10 9
10 7
6 12
5 7
8 9
12 19
9 5
7 15
1 11
13 19
17 14
15 14
5 13
12 13
9 4
3 9
19 19
13 18
4 1
1 7
0 18
10 6
18 18
5 17
12 12
6 7
2 3
12 14
12 10
5 11
18 15
13 7
14 11
1 15
10 19
19 16
12 9
18 4
10 10
2 2
16 12
11 9
6 5
1 2
4 6
17 10
8 17
13 3
6 1
19 11
4 18
16 8
17 6
11 13
2 13
8 16
13 5
14 1
9 17
16 4
2 10
0 0
6 14
19 9
6 17
0 13
13 12
0 1
7 3
16 11
19 15
7 7
16 16
4 5
2 7
19 18
7 5
11 14
13 1
14 4
0 14
12 1
15 9
13 17
15 2
6 15
18 11
2 17
5 10
14 14
