20 170 3601
0000000100001000000
0000000100001000100
0000000100001000100
0000000100001000100
0000000100001000100
0000000100001000100
0000000100001000100
0100000100001000100
0100000100001000100
0100000100001000100
0100000100000000100
0100000100000000100
0100000100000000100
0100000000001000100
0100000000001000100
0100000000001000100
0100000000001000100
0100000010001000100
0100000010001000100
0100000010001000100
00000000000000000000
00000000000000000000
00000000000000000000
00000000000000000000
00000000000000000000
00000000000000000000
00000000000000000000
00000000000000000000
00011111000000000000
00000000000000000000
00000000000000000000
00000000000000000000
00000000000000000000
00000000000000000000
00000000000000000000
00000000000000000000
00000000000000000000
00000000000000000000
00000000000000000000
17 0
15 17
12 8
3 4
19 6
12 16
4 15
13 14
4 7
12 2
12 4
8 17
3 2
3 5
18 1
16 4
7 0
6 9
12 5
5 14
12 1
11 13
14 10
15 11
6 3
9 6
11 15
13 1
18 8
18 18
6 19
15 4
16 6
7 1
13 16
7 5
5 3
9 15
15 9
10 3
5 18
16 11
2 17
9 17
8 13
13 17
18 11
5 10
12 9
10 16
15 18
15 6
9 1
10 2
18 3
1 1
17 14
19 14
6 17
19 0
15 3
15 5
7 7
14 7
17 1
13 11
7 19
3 14
7 18
5 17
8 19
17 13
8 9
14 1
10 4
8 18
17 12
11 14
9 13
18 7
13 5
3 9
17 16
9 5
4 11
1 9
5 7
11 1
16 19
11 18
1 3
1 18
7 2
14 0
8 5
1 10
0 5
17 5
14 8
19 10
9 12
6 15
1 7
5 15
2 9
10 13
17 7
12 15
17 19
0 11
1 13
7 12
11 8
15 15
19 2
16 7
14 2
3 15
3 18
12 14
19 12
9 7
10 1
11 7
18 19
17 17
13 10
11 4
12 0
3 7
11 10
9 16
0 10
16 13
16 16
15 2
6 8
16 2
5 8
16 14
13 2
17 15
19 11
5 0
13 7
14 13
4 17
1 15
8 11
15 7
10 12
16 8
11 2
14 14
0 16
4 18
1 0
9 11
9 18
4 9
12 19
0 4
9 9
18 13
10 15
14 12
5 6
10 7
2 14
1 12
