17 27 845
0100010000000000
0100010000000000
0100010000000000
0100010000000000
0100010000000000
0100010000000000
0100010000000000
0100010000000000
0100010000000000
0100010000000000
0100010000000000
0100010000000000
0100010000000000
0100001000000000
0100001000000000
0100001000000000
0000001000000000
00000000000000000
00100000000000000
00000000000000000
00000000000000000
00000000000000000
00000000000000000
00000000000000000
00000000000000000
00000000000000000
00000000000000000
00000000000000000
00000000000000000
00000000000000000
00000000000000000
00000000000000000
00000000000000000
0 6
12 11
12 0
1 15
6 7
6 4
6 9
6 15
16 8
0 4
16 9
9 8
13 9
6 0
8 8
5 4
12 10
11 8
14 1
3 12
14 7
13 6
0 14
0 3
2 11
8 1
12 16
