13 110 1617
100000000000
100100000000
100100000000
100100000000
000000000000
000000001010
000000001010
000000001010
000000001010
000000001010
000000001010
000000000000
000000000000
0000000000111
0000000000000
0000011111111
0001111111111
0000000001111
0000000000000
0000000000000
0000000000000
0000000000000
0000000000000
1100000000000
1111111100000
7 12
6 3
1 11
6 10
9 3
8 0
4 11
9 6
3 1
2 1
5 7
0 2
2 8
10 12
5 0
0 1
1 3
4 6
2 12
0 11
11 0
3 6
1 7
10 0
9 5
0 6
3 11
6 2
0 8
10 7
3 5
11 11
10 11
6 1
12 6
10 6
7 10
7 4
3 9
4 2
9 1
7 5
4 3
2 7
11 1
4 0
9 7
7 0
5 4
8 3
10 10
2 10
0 0
12 12
10 1
6 5
3 12
10 8
7 11
10 3
4 12
10 2
4 5
9 2
1 5
8 6
3 8
9 12
3 3
6 6
11 9
6 4
5 1
3 4
0 3
4 1
2 2
2 0
3 10
0 7
5 3
11 12
11 8
8 4
12 2
0 10
12 8
8 11
1 8
7 1
8 7
0 5
9 10
1 10
10 4
7 2
6 9
12 10
5 10
4 10
12 9
8 10
11 5
11 10
8 12
2 4
7 7
9 9
6 12
11 7
