14 33 532
0000000000000
0000000000000
0000000000000
0000000000000
0000000000000
0000000000000
0001000100000
0000010000000
0000000000000
0000000000000
0000000000000
0000000000000
0000000000000
0000000000000
00000000000000
00000000000000
00000000000000
00000000000000
00000000000000
00000000000000
11111111000000
00000000000000
00000000000111
00000000000000
00000000000000
11111111110000
00000000000000
9 7
11 0
3 12
3 7
3 0
1 12
4 2
1 9
6 9
7 5
12 6
0 0
3 6
6 8
0 5
11 3
11 6
1 6
6 6
5 10
8 5
11 8
5 4
4 1
9 5
7 7
7 0
12 9
6 10
2 8
2 11
5 0
9 9
