17 37 649
0000000000000000
0000000000000000
0000000000000000
0000000000000000
0000000000000000
0000000000000000
0000000000000000
0000000000000000
0000000000000000
0000000000000000
0000000000000000
0000000000000000
0000000000000000
0000000000000000
0000000000000000
0000000000000000
0000000000000000
00000000000000000
00000000000000000
00000000000000000
11111111111111000
00000000000000000
00000000000000000
00000000000000000
00000001111111111
00000000000000000
00000000000000000
00000000000000000
00000000000000000
00000000000000000
00000000000000000
00000000000000000
00000000000000000
14 3
7 6
14 11
11 5
11 8
16 9
7 1
16 4
2 12
2 13
8 4
1 6
6 10
4 8
12 1
0 1
2 0
7 11
4 13
15 2
6 9
9 14
15 11
10 9
1 8
9 6
10 14
3 13
13 12
7 10
11 0
14 9
16 8
13 6
3 3
15 9
3 6
