17 79 1656
0100000010000000
0100000010000010
0100000000000010
0100000000000010
0100000000000010
0100000000000010
0100000000000010
0100000000000010
0100000000000010
0000000000000010
0000000000000010
0000000000000010
0000000000000010
0000000000000010
0000100000100010
0000100000100010
0000100000100010
00000000000000000
00000000000000000
00000000000000000
00100000000000000
00000000000000000
00000000000000000
00000000000000000
00000000000000000
00000000000000000
11110000000000100
00001111111111100
00000000000000000
00000000000000000
00000000000000000
00000000001000000
00000000000000000
9 1
8 5
13 8
1 6
5 13
14 2
16 6
12 10
12 1
3 7
13 4
16 16
3 12
12 6
3 11
14 6
6 6
8 15
12 16
4 5
3 4
16 0
10 7
5 0
8 7
0 13
8 12
11 15
9 12
14 15
0 1
0 4
0 9
13 7
13 15
15 10
9 9
3 5
9 3
16 9
0 3
7 13
11 12
1 1
11 16
0 16
2 2
9 16
2 3
2 7
2 12
12 13
8 13
15 16
16 7
1 9
7 10
9 13
15 0
15 8
6 1
6 15
1 8
9 7
10 3
7 3
16 15
0 11
7 2
1 16
16 10
4 9
16 8
11 5
16 5
14 11
1 0
4 1
5 4
