17 203 6748
0000000000000000
0000000000000000
0000000000000000
0000000000000000
0000000000000000
0000000000000000
0000000000000000
0101010000000000
0101010000000000
0001010000000000
0001010000100000
0000010000100000
0000010000100001
0000010000000001
0000010000000001
0000000000010001
0000000000000001
00000000000000000
11111111111110000
00011111111111111
00000000000000000
11111111111111000
11111111111111100
01111111111111111
00000000000000000
00000000000000000
00000000000111111
00000000000000000
00000000000000000
00000000000000000
00011100000000000
00000000000000000
01111111111111110
14 15
1 2
9 13
7 4
7 16
8 1
0 14
3 3
6 6
2 14
6 8
12 4
13 6
15 16
8 4
7 14
12 12
16 7
15 4
11 14
10 7
1 6
8 10
6 14
2 4
12 2
10 4
5 2
11 0
10 12
8 16
14 0
5 12
0 1
2 1
3 0
6 10
1 12
0 9
2 3
14 9
16 5
8 0
9 3
12 6
3 7
12 0
4 15
4 13
11 3
15 3
10 15
10 13
4 6
4 14
15 1
5 1
5 15
15 8
8 7
7 13
12 13
1 10
9 10
15 7
10 6
6 7
3 8
3 12
0 15
15 2
15 15
14 8
12 15
4 8
2 6
6 13
11 6
7 2
4 10
0 3
15 9
0 6
1 13
13 13
16 10
9 2
15 13
2 8
8 15
7 3
9 0
14 13
2 11
1 15
0 16
5 11
9 8
0 7
16 6
1 3
12 1
2 5
11 11
2 12
6 4
11 8
0 13
13 12
15 5
11 13
14 5
3 9
1 7
13 9
5 4
11 10
1 11
16 0
16 11
8 14
13 8
0 12
5 16
1 1
2 2
16 12
1 16
10 2
5 3
12 5
12 3
16 13
6 11
14 3
12 11
12 7
9 7
6 16
4 7
4 12
5 9
4 16
9 14
10 11
13 10
6 2
13 15
7 8
2 0
5 7
13 11
8 11
3 15
4 1
15 10
13 1
4 9
11 9
9 11
7 6
4 0
9 5
11 5
8 3
2 7
11 1
6 5
14 16
3 4
9 9
12 16
5 0
2 16
11 12
8 2
15 6
0 5
13 14
13 2
3 5
9 1
5 14
14 6
14 2
12 9
16 9
11 4
1 14
11 16
13 4
9 15
10 10
13 5
13 0
15 0
6 1
11 2
9 16
2 9
4 5
0 8
1 5
