13 111 2087
000000000000
000000000000
000000000100
000000000100
000000000100
000000000000
000000001001
000000001001
000000001001
010000001001
000000001000
000000000000
000000000000
0000000000000
0000000111111
1111000111000
0000000000000
0000000000000
1111001111111
0000000000000
0000000000000
0000000000000
1111110000000
0000000000000
0000000000000
3 7
9 11
0 5
11 10
10 8
7 1
12 11
7 2
9 8
5 1
4 4
11 0
10 0
5 12
10 1
8 11
11 7
5 0
6 10
4 10
5 2
11 1
9 0
8 4
0 11
4 7
5 7
11 3
3 11
6 0
7 5
10 3
0 8
4 3
3 10
7 4
0 7
1 11
12 7
3 2
6 3
9 4
3 6
5 6
1 7
10 11
2 5
6 7
1 6
4 11
2 7
9 9
4 9
9 10
7 7
2 6
10 5
12 6
8 10
1 5
10 9
2 9
7 10
1 3
5 5
5 3
6 12
12 10
3 12
11 2
5 11
1 8
10 4
12 0
10 7
8 1
8 6
3 1
6 5
4 6
1 2
11 9
10 2
11 6
6 2
7 3
1 9
8 7
12 12
0 6
9 1
10 12
0 10
6 11
4 5
9 12
2 0
9 7
2 8
3 4
6 4
1 12
5 10
9 3
3 3
8 0
0 9
7 11
12 4
7 8
6 6
