17 282 5345
0000000000000000
0000000000000000
0000000000000000
0000000000000000
0000000000000000
0000000000000000
0000000000000000
0000000000000000
0000000000000000
0000000000000000
0000000000000000
0000000000000000
0000000000000000
0000000000000000
0000000000000000
0000000000000000
0000000000000000
00000000000000000
00000000000000000
00000000000000000
00000000000000000
00000000000000000
00000000000000000
00000000000000000
00000000000000000
00000000000000000
00000000000000000
00000000000000000
00000000000000000
00000000000000000
00000000000000000
00000000000000000
00000000000000000
9 4
13 12
14 15
3 4
12 12
7 10
6 14
10 11
5 11
11 13
16 11
3 9
6 16
9 10
14 3
8 9
14 0
14 4
10 12
16 12
9 3
12 16
14 14
5 14
2 1
0 16
7 5
2 3
9 7
15 7
3 5
2 9
7 3
4 1
2 7
7 8
12 4
6 13
16 4
7 15
1 11
16 9
16 0
1 13
13 1
4 2
9 6
14 12
12 9
8 8
5 1
11 8
14 1
12 2
6 5
13 8
0 13
1 2
0 8
8 0
16 13
15 10
11 7
5 0
9 11
8 13
0 2
0 10
16 6
2 10
15 3
16 5
3 13
8 4
11 10
13 15
14 9
7 1
13 11
10 2
5 2
10 15
6 4
3 10
9 2
8 15
9 13
13 14
12 5
7 6
2 6
0 0
0 14
10 8
4 12
11 12
6 8
7 2
2 16
0 4
1 0
12 13
12 14
9 0
16 16
1 14
10 6
9 15
16 7
7 12
10 13
11 1
11 16
15 16
9 1
2 2
15 11
13 0
12 8
7 9
16 15
6 12
14 10
3 3
1 12
5 9
10 16
3 0
4 13
12 3
6 6
6 9
13 9
0 9
5 7
4 11
7 14
8 1
10 0
8 11
15 13
6 3
4 8
11 0
4 4
9 14
0 3
6 7
0 7
10 5
16 2
1 16
13 16
4 5
10 3
14 16
11 14
13 4
4 9
5 16
0 15
14 11
16 8
5 13
4 10
15 9
1 15
5 6
3 16
3 2
9 12
0 6
3 1
7 0
2 15
12 15
0 1
3 15
11 6
15 5
3 6
6 10
14 8
5 15
5 4
2 14
15 6
14 7
1 8
1 10
12 7
1 9
6 11
8 6
11 5
8 5
4 16
7 13
12 0
15 2
0 11
10 14
15 14
13 10
12 11
11 2
2 5
11 9
14 5
10 4
9 9
2 4
10 10
12 6
14 13
6 1
7 11
2 0
10 7
3 14
9 5
14 6
4 14
16 3
1 6
9 8
0 5
6 2
4 3
5 10
7 16
3 7
12 10
8 2
1 1
1 7
15 12
8 14
4 15
5 12
11 11
2 12
15 0
15 4
12 1
11 3
13 13
16 1
1 3
5 8
11 4
4 7
13 2
13 5
1 5
15 1
10 1
1 4
3 11
8 3
5 5
2 11
16 10
7 7
16 14
13 3
15 15
10 9
8 10
0 12
8 16
7 4
4 0
13 6
2 13
8 7
2 8
6 15
3 12
14 2
8 12
9 16
