19 339 7510
000000100000000000
000000100000000000
000000100010000000
000000100010000000
000000100010000000
000000100010000000
000000100010000000
000000100010000000
000000100010000000
000000100010000000
000000100010000000
000000000010000000
000000000010000000
000000000010000000
000000000010000000
000000000010000000
000000000010000000
000000000010000000
000000000010000000
0000000000000000000
0000000000000000000
0000000000000000000
0000000000000000000
0000000000000000000
0000000000000000000
0000000000000000000
0000000000000000000
0000000000000000000
0000000000000000000
0000000000000000000
0000000000000000000
0000000000000000000
0000000000000000000
0000000000000000000
0000000000000000000
0000000000000000000
0000000000000000000
17 11
10 13
14 16
16 12
11 14
1 0
15 2
18 1
2 18
14 11
0 12
6 8
17 1
7 18
0 5
8 4
13 15
4 12
16 8
1 3
13 2
7 8
2 11
18 7
12 0
4 18
7 11
3 0
9 15
17 16
16 14
10 17
6 7
4 16
15 8
0 4
4 10
0 11
5 1
3 13
2 9
1 15
10 18
18 9
13 14
7 6
4 7
2 17
7 5
12 18
2 2
14 14
5 15
8 1
7 14
12 10
4 11
2 15
9 10
14 1
12 1
9 6
6 12
10 1
2 3
15 1
14 7
9 13
11 10
6 14
15 0
12 17
5 2
15 17
17 6
15 9
1 7
4 13
11 13
18 4
10 10
16 18
8 11
17 7
3 15
9 12
14 8
5 0
16 5
0 3
7 13
9 4
0 6
5 8
8 13
5 5
4 6
17 4
13 9
2 4
14 18
14 3
14 13
9 0
5 12
4 8
5 7
12 7
8 18
17 3
7 7
18 17
0 1
8 16
6 6
16 1
15 15
5 3
18 5
8 6
9 1
0 10
2 0
0 18
4 2
3 7
11 15
6 16
8 7
8 3
12 16
0 2
0 8
6 13
1 13
11 6
9 9
6 17
16 7
13 18
2 7
11 8
5 16
13 8
3 11
15 3
2 12
8 0
7 17
18 2
1 14
10 9
1 6
13 1
16 0
3 5
16 13
17 13
14 0
7 10
14 4
5 10
15 14
17 15
9 2
1 12
6 9
9 11
11 4
0 16
16 17
1 2
4 1
17 18
15 18
9 5
4 9
3 12
9 3
4 4
16 3
7 4
18 18
3 18
12 6
15 13
10 15
16 15
7 12
8 15
8 10
17 5
2 6
2 8
8 2
15 12
4 3
6 0
6 5
16 10
14 2
10 12
2 16
4 0
2 10
18 3
12 14
7 2
16 16
6 3
12 5
1 11
15 4
12 11
9 8
6 2
6 10
1 8
13 4
3 17
3 6
11 11
3 1
10 7
8 17
3 10
0 14
10 0
11 1
0 7
13 0
17 14
13 3
18 16
14 17
17 8
5 11
10 4
1 4
3 16
17 2
12 13
13 12
14 5
6 4
4 17
10 14
8 9
10 5
13 13
7 9
3 4
10 3
5 18
17 10
7 0
11 18
18 13
5 14
18 11
13 5
12 2
6 1
5 9
8 5
12 4
11 0
6 11
11 17
7 16
16 9
10 16
13 10
0 15
3 8
6 18
0 17
2 14
11 9
18 15
2 1
18 10
11 2
17 9
13 6
4 5
18 12
6 15
1 10
10 2
0 0
0 13
14 9
16 11
15 7
8 14
1 18
5 6
16 2
14 15
12 15
4 14
7 1
13 17
7 15
2 13
9 18
11 3
5 13
15 6
1 9
16 4
1 17
3 9
17 0
17 17
12 9
11 16
11 12
7 3
12 8
14 6
1 5
15 11
3 3
17 12
9 16
16 6
14 10
3 14
1 1
13 7
15 10
5 17
15 16
13 11
15 5
4 15
2 5
