15 127 2106
00000000000000
00000000000000
00000000000000
00000000000000
00000000000000
00000000000000
00000000000000
00000000000000
00000000000000
00000000000000
00000000000001
00000000000001
00000000000001
00100000000001
00100000000001
000000000000000
111111111111110
000000000000000
000000000000000
000000000000000
000000000000000
000000000000000
000000000000000
000011111111111
000000011111110
100000000001110
000000000000000
000000000000000
000000000000000
0 1
8 14
9 4
5 3
8 7
12 5
14 5
8 13
11 6
8 4
0 2
10 0
9 11
1 9
0 12
3 12
3 1
1 1
5 0
4 9
9 1
4 6
1 11
6 0
13 1
5 11
12 3
8 1
4 4
13 7
13 10
0 8
8 0
8 5
1 8
2 0
5 10
1 14
1 6
10 3
12 6
2 2
13 5
10 12
8 2
8 12
14 10
0 14
4 12
6 2
3 6
11 3
12 2
4 3
1 7
9 3
11 7
3 11
4 1
3 4
13 13
6 3
0 3
12 9
2 7
12 10
0 5
12 0
6 5
3 10
2 10
14 9
1 10
10 11
8 11
6 14
2 8
9 5
4 8
4 7
12 13
14 0
14 11
14 14
14 7
1 13
5 7
14 2
9 7
7 7
11 1
3 8
12 7
8 6
2 12
7 2
9 14
14 3
12 12
6 11
11 12
5 4
11 9
9 2
1 4
5 14
3 13
12 11
10 6
11 10
4 11
11 5
7 9
2 1
0 11
2 9
5 1
12 8
13 2
9 9
0 4
7 0
2 4
11 11
5 9
1 3
3 9
