15 117 3888
00000011000000
00000011000000
00001011000000
00001001000000
00001001010000
00001001010000
00001001010000
00001001010000
00001001000000
00001001000000
00001000000000
00001010010000
00001010010000
00001010010000
00001010010000
000000000000000
000000000000000
000000000000000
000000001100000
111100000000000
000000000000000
000110000000000
000000000000000
000000000000000
011110000000000
000001000000000
000000000000000
000000000000000
000000000000000
14 7
3 11
4 9
10 4
10 8
12 5
2 2
14 0
6 10
14 9
6 13
2 11
4 11
11 5
13 8
0 2
6 2
8 6
2 5
10 7
8 4
7 8
12 6
6 14
8 10
6 7
8 3
12 0
6 4
7 0
2 0
4 13
1 14
3 6
3 2
0 10
7 14
11 14
6 9
1 12
2 4
2 9
1 1
0 3
2 8
6 12
1 11
13 12
13 6
9 7
0 0
5 2
8 1
13 5
6 8
4 0
12 12
12 2
10 10
5 3
1 4
13 14
14 2
7 1
7 6
14 12
10 1
9 9
11 4
3 7
14 6
5 8
5 9
4 7
13 2
7 9
7 4
9 8
5 11
5 0
9 3
7 7
7 3
0 13
10 3
0 7
14 14
7 13
5 13
9 11
2 10
13 1
14 8
5 14
0 1
13 10
11 0
4 6
3 4
2 13
3 9
0 5
0 6
1 13
11 13
2 6
1 0
14 10
9 0
6 1
6 11
12 13
10 0
7 11
13 9
10 2
13 7
