13 83 1739
001010100000
001010000000
001010000000
000010000000
000110010000
000110010000
000110010000
000110010000
000110010000
000100010000
000100010000
000100010000
000101010000
0000000000000
0000000000000
0000000000000
0000000001111
0000000000000
0000000000000
0000000000000
0000000000000
0000000000000
0000000000000
0000000000000
0000000000000
2 9
2 3
5 8
8 4
7 0
8 12
9 4
3 7
4 2
6 1
4 5
2 8
9 12
6 11
11 0
12 9
7 4
8 10
10 12
2 12
1 8
3 4
1 3
10 4
8 9
2 2
5 5
1 1
0 8
4 6
11 7
9 8
2 1
7 9
10 9
4 1
2 0
9 11
4 0
7 12
5 12
8 5
3 1
9 10
0 6
10 0
6 4
12 5
11 5
12 0
10 7
9 2
7 7
0 1
1 10
0 7
5 9
11 10
3 6
8 2
12 8
7 6
0 4
5 4
0 3
4 12
1 9
2 10
12 11
4 3
0 12
2 7
5 10
3 10
7 3
12 4
0 5
8 3
8 6
6 6
9 9
1 5
2 4
