17 186 3938
0000100000000000
0000100000000000
0000100000000000
0000000000000000
0000000000000000
0000000000000000
0000000000000000
0000000000000000
0000000000000000
0000000000000000
0000000000000000
0000000000000000
0000000000000000
0000000000010010
0000000000010010
0000000000010010
0000000000010010
00000000000000000
00000000000000000
00000000000000000
00000000000000000
00000000000000000
00000000000000000
11111110000000000
00000000000000000
00000000000000000
00000000000000000
00000000000000000
11111111111100111
00000000000000000
00000000000000000
00000000000000000
00000000000000000
6 0
3 5
8 6
11 8
0 15
7 8
8 4
7 9
7 13
7 1
14 3
6 1
9 5
6 3
16 5
8 5
14 13
9 0
12 5
1 5
10 4
4 12
9 9
4 8
11 10
9 13
2 15
0 8
0 11
16 7
16 12
9 1
6 4
7 10
5 2
13 11
13 8
12 9
4 15
13 6
9 15
13 1
5 9
3 4
12 11
3 13
13 12
9 16
4 9
14 9
5 13
3 16
1 13
14 14
13 14
11 7
15 12
4 10
3 6
15 3
4 2
3 14
8 7
15 15
11 9
2 2
1 12
15 5
0 5
9 14
8 14
4 0
10 10
8 1
15 13
1 0
3 8
12 2
14 6
5 5
10 11
5 8
9 12
10 9
10 8
6 8
5 4
13 13
1 15
8 8
5 10
16 13
12 13
13 5
3 0
16 14
16 16
7 3
8 13
15 4
8 9
16 0
6 6
14 0
11 5
3 15
10 15
0 0
3 12
4 3
6 2
14 8
14 5
7 11
16 9
16 2
5 15
0 13
14 7
12 1
14 4
16 4
3 2
2 7
14 15
1 4
14 11
14 2
16 11
16 3
8 16
13 15
3 1
12 3
16 1
0 2
1 16
12 7
2 11
15 2
9 8
2 5
11 15
11 16
3 11
1 1
0 14
12 10
10 14
11 4
5 11
12 12
2 10
4 4
8 10
11 14
6 13
13 7
13 0
2 9
5 16
0 9
16 6
11 0
10 1
4 13
12 8
11 3
8 2
2 14
10 6
9 6
3 7
2 3
0 6
5 14
10 3
5 3
1 6
5 0
2 6
9 4
10 7
2 0
8 15
6 16
