14 127 1680
0000000010000
0000000010010
0000000000010
0000000000010
0000000000010
0000000000010
0000000000010
0000000000010
0000000000010
0000000000010
0000000000010
0000000100010
0000000100010
0000000100010
00000000000000
00000000000100
11111111110000
10000000000000
11111000000000
00000000000000
00000000000000
00000000000000
00000000000000
00000000111100
00000000000000
00000000000000
11100000000000
9 9
3 9
4 12
10 9
5 0
11 3
0 7
12 4
5 13
10 2
3 13
0 5
13 11
11 11
1 12
4 9
8 7
9 4
11 5
4 0
13 8
9 2
8 12
6 4
10 10
6 10
6 5
8 10
2 3
8 9
1 0
11 6
5 1
2 13
10 13
3 3
12 5
11 10
3 1
6 13
5 10
12 0
9 6
4 6
5 2
9 13
8 1
1 10
6 3
2 0
3 11
4 3
6 8
11 2
13 0
12 12
10 6
6 0
6 11
3 8
2 9
10 11
13 3
13 9
11 4
5 8
8 0
10 1
8 4
3 4
11 0
12 9
6 7
5 7
8 6
3 6
2 8
3 0
0 1
7 10
0 3
6 6
7 2
2 10
10 12
12 3
9 12
1 3
0 13
4 11
9 1
2 11
10 8
8 2
9 10
3 7
10 0
5 9
7 3
13 1
7 4
12 11
1 11
8 5
7 8
9 3
13 6
4 13
5 5
4 5
8 8
11 7
1 6
5 3
0 11
3 5
7 12
11 12
2 6
10 5
12 2
4 10
13 7
2 7
0 4
7 5
7 6
