13 42 1322
100000000000
100000000000
101000000000
111000001000
111000011000
111010000000
111010000000
111010000000
011010000000
011000000000
011000000000
011000000000
011000000000
0000011111111
0000000000000
0000000000000
0000000000111
0001111111110
0000000000000
0000000011111
0000000000000
0000000000000
0001111111100
0000000000000
0000000000000
12 8
2 0
0 7
9 6
7 6
9 8
8 5
4 4
3 3
11 9
8 1
10 6
7 9
9 4
10 11
6 7
4 1
9 9
3 9
5 3
10 0
6 11
11 4
9 10
3 2
7 5
5 2
12 0
11 0
12 6
10 12
1 12
3 11
0 2
7 7
5 8
12 2
8 8
4 0
11 1
2 10
3 12
