12 130 2583
00110000000
00110000000
00110000000
00110000000
00100000000
00000000000
00000000000
00000000001
00000000000
10000000000
10000000000
00000000000
000000000000
000000000000
000000000000
000000000000
000000000000
000000000000
011111111111
000000000000
111111100000
000000000000
000000000011
3 7
10 1
7 4
8 11
10 10
2 6
1 1
0 1
7 7
4 8
10 5
8 3
2 8
4 0
6 4
7 0
3 1
3 0
9 3
9 0
3 9
8 4
6 6
2 5
1 3
5 6
8 6
4 7
9 10
8 5
0 11
10 2
3 5
10 4
11 10
11 5
4 5
2 7
0 4
0 2
7 10
5 10
2 4
1 11
8 10
10 3
5 4
8 1
7 8
7 9
5 3
11 6
11 1
1 8
3 2
5 11
11 3
0 7
10 8
4 11
1 6
3 4
0 5
0 10
5 2
7 11
5 1
3 3
1 4
4 3
7 6
1 10
7 1
10 9
4 10
6 0
9 6
11 7
6 11
9 7
9 2
11 4
4 4
3 8
9 11
6 9
9 4
0 9
9 8
4 2
2 1
2 11
6 3
6 1
3 6
7 3
1 9
1 2
3 10
2 9
1 7
7 2
11 11
3 11
5 8
0 6
5 5
8 0
5 0
2 10
10 11
4 9
0 3
5 9
8 8
8 7
0 0
9 1
10 6
1 0
10 7
6 10
4 6
6 7
10 0
6 8
8 2
6 2
11 2
1 5
