19 132 2970
000100010100001000
000100010100011000
000100010100000001
000100010000100001
000100010000100001
000000010000100001
000000010000100001
000000010000100001
000000010000100001
000000010000100001
000000010000100001
000000010000100001
000000010000100001
000000010000100001
000000010000100001
000000000000100001
000000000000100001
000000000000000001
000000000000000001
0000000000001110000
0000000000000000000
0000000000000000000
0000000000000000000
0000000000000000000
0001111100000000000
1111000000000000000
0000000000000000000
0000000000000000000
0000000000000000000
0000000000000000000
0000000000000000000
0000000000000000000
0000000000000000000
0000000000000000000
0000000000000000000
0000111111111111110
0000000000000000000
2 1
15 8
0 3
8 12
9 4
8 18
8 1
10 18
3 11
0 17
6 7
7 8
18 18
6 16
11 11
11 4
1 8
2 10
13 8
5 11
9 9
6 5
0 11
14 4
18 5
12 0
1 7
17 6
9 15
11 10
6 8
0 13
12 5
9 17
17 7
13 14
3 10
6 4
8 7
7 10
1 17
5 2
6 3
2 14
15 11
9 8
12 4
4 7
18 4
6 13
17 1
9 2
18 2
3 18
4 16
11 15
10 5
3 5
16 4
15 7
1 5
8 11
9 6
0 15
10 8
14 1
9 14
14 17
12 3
14 2
13 7
4 18
18 15
16 0
8 9
0 2
4 17
1 2
14 16
16 7
15 1
1 14
16 15
9 12
11 2
18 7
6 17
12 17
14 7
13 6
17 18
3 7
5 10
14 0
8 14
8 16
3 14
9 16
9 5
9 10
16 11
2 4
10 1
8 15
17 13
7 1
16 5
0 10
5 9
7 17
3 3
7 6
10 12
12 9
11 3
13 18
5 17
11 13
8 3
13 1
17 17
17 15
4 9
7 2
2 0
1 16
14 11
4 13
8 6
10 4
15 0
9 0
