13 147 2213
000001100010
000001100000
000001100000
000001100000
000001100000
000001100000
000001100000
000001100000
000000100000
000000000000
000000000000
000000000000
000000000000
0000000000000
1000000000000
0000000000000
0000000000000
0000000000000
0000000000000
0000000000000
0000000000000
0000000000000
0000000000000
0000000000000
0000000000000
1 9
2 10
6 5
9 8
11 5
0 9
4 6
10 0
3 10
4 2
9 5
3 1
8 2
11 1
8 9
2 3
4 1
11 8
10 10
2 5
4 3
5 8
6 3
1 6
10 1
4 4
1 10
8 6
12 12
12 3
5 6
3 5
1 0
8 3
10 8
10 4
11 9
2 2
8 10
4 11
10 9
8 5
5 0
7 11
12 1
1 1
5 10
0 12
7 7
5 4
1 2
3 2
9 12
6 2
10 6
0 2
6 11
4 8
3 12
11 11
6 12
9 0
12 9
0 1
0 3
7 4
0 6
2 0
7 6
4 7
3 4
7 0
9 7
0 4
12 0
12 2
11 0
8 4
3 7
0 0
1 7
3 9
6 8
7 12
8 0
2 11
2 7
11 2
8 12
4 0
7 9
9 10
10 7
11 7
2 9
12 6
0 5
6 6
12 4
0 7
6 1
0 8
1 5
1 11
10 11
6 4
5 5
9 9
6 0
7 8
9 6
12 10
5 3
8 7
4 9
4 12
2 1
12 7
6 10
11 6
8 11
2 6
1 12
10 3
11 4
3 8
12 5
1 8
9 2
12 8
6 9
7 5
5 7
8 1
1 3
9 3
12 11
7 3
5 1
10 2
0 10
5 12
9 4
10 5
9 1
7 10
3 3
