14 140 2261
0000001000000
0000001000000
0000001000000
0000001000000
0000001001000
0000001001000
0000000001000
0000000001000
0000000001000
0000001000000
0000001000000
0000001000000
0000001000000
0000000000000
00000000000000
00000000000000
00000000000000
00000000000000
00000000000000
11000000000000
00000000000000
00000000000000
00111111111111
00000010000000
00000000000000
00000000000000
00000000011111
9 8
8 12
9 9
10 6
0 3
1 7
11 8
1 6
4 6
12 3
9 0
10 10
3 13
12 0
1 10
9 11
0 10
2 5
0 4
9 10
9 7
13 2
9 4
0 13
13 8
8 2
11 9
12 5
7 4
10 11
3 0
13 9
1 5
0 12
12 11
8 7
2 6
8 0
5 1
10 1
2 7
1 11
10 7
9 2
13 11
1 12
3 2
12 2
0 6
4 4
6 7
6 0
11 5
3 5
11 1
7 7
4 0
8 3
7 8
11 3
7 10
5 0
7 1
6 4
13 5
10 13
3 4
11 13
12 1
6 10
0 0
1 0
5 13
13 6
0 1
3 12
6 12
13 10
6 1
11 11
0 8
5 6
4 9
4 1
13 13
8 5
10 0
13 7
4 13
3 11
4 3
0 11
4 2
8 11
2 13
6 13
4 5
10 8
9 6
11 4
12 4
2 2
12 9
2 3
11 6
6 2
11 12
7 12
4 11
3 8
2 8
11 7
12 8
3 6
2 12
5 10
7 11
8 9
2 4
13 0
8 10
3 3
9 13
2 1
5 11
5 3
9 3
6 5
4 8
7 3
1 8
6 3
2 10
6 8
7 2
5 9
8 1
2 0
12 12
8 4
