20 246 10185
0010110010000000000
0010110010000000000
0010110010000000000
0000110010000000100
0000110010000000100
0000100010000000100
0000100010000000100
0000100010000000100
0000100010000000100
0000100000000000100
0000100000000000100
0000100000000000100
0000100000000000000
0000000000000000000
0000000000000000000
0000000000000000000
0000000000000000000
0000000000000000000
0000000000000000000
0000000010000000000
00000000000000000000
00000000000000000000
00000000000000000000
00000000000000000000
00000000000000000000
00000000000000000000
00000000000000000000
00000000000000000000
00000000000000000000
00000000000000000000
00000000000001111000
00000111111111111110
10000000000000000000
00000000000000000000
00000000000000000000
00000000000000000000
00000000000000000000
00000000000000000000
00000000000000000000
15 18
7 4
18 12
11 1
17 5
3 8
4 9
10 2
3 7
16 14
19 2
8 12
9 2
5 2
1 4
16 1
13 19
13 7
17 10
9 1
2 16
8 13
5 12
11 13
3 9
1 7
2 8
10 18
12 13
8 5
13 8
5 15
16 9
6 0
2 15
12 19
12 5
5 7
18 5
16 4
13 15
10 16
8 17
9 16
4 10
15 16
5 5
17 15
3 13
18 17
16 11
7 14
7 6
3 6
6 6
12 10
16 3
8 10
15 11
6 14
1 13
2 14
8 8
2 13
7 1
17 13
16 2
4 15
15 19
8 15
11 4
7 0
10 3
19 0
6 7
15 1
16 13
4 7
13 14
3 2
0 12
11 14
17 17
15 17
17 12
10 8
10 9
6 4
16 0
5 16
15 9
5 8
9 5
13 4
9 18
17 3
19 4
14 11
6 13
10 17
11 10
5 6
0 17
13 3
4 8
10 4
5 0
11 17
9 14
4 14
14 3
4 4
8 18
1 3
17 18
11 0
4 0
12 11
4 13
5 3
13 17
2 3
14 1
9 13
19 17
19 5
4 3
9 19
12 17
6 9
15 0
1 2
19 7
4 2
11 19
10 6
7 5
9 12
3 10
16 16
15 7
8 1
18 13
9 0
14 12
3 14
0 8
6 12
19 18
15 2
8 14
19 11
0 13
12 15
10 10
14 19
3 5
4 11
7 18
4 5
2 10
2 11
19 6
19 19
1 6
13 11
4 12
14 9
16 5
1 0
16 7
2 6
17 9
17 19
10 12
17 0
11 11
19 12
6 10
10 5
2 0
10 11
19 10
5 17
10 15
7 11
14 14
19 3
1 17
0 7
1 14
9 17
12 7
0 16
7 3
18 15
1 10
17 7
3 16
2 9
6 11
16 8
17 8
14 13
18 14
0 19
19 1
1 8
12 8
6 1
6 17
18 3
3 0
2 7
3 11
3 17
9 6
17 1
13 18
0 10
4 17
16 10
12 0
7 10
13 9
12 1
13 2
12 6
1 5
14 8
1 19
17 2
19 15
18 6
16 18
15 10
13 1
17 14
3 18
5 18
8 19
19 13
9 8
8 7
7 7
3 15
