17 126 4307
0000000001000000
0000000000000000
0000000000000000
0000000000000000
0000100000000000
0000100000000000
0000100000000000
0000000000000000
0000000000000000
0000000000000000
0000000000000000
0100000000000000
1100000000000000
0000000000000000
0000000000000000
0000000000000000
0000000000000000
00000000000000000
00000000111111111
11111111111110000
11111111100000000
00000000000000000
00000000000000000
00000011111111111
00000000000000000
00000011111111111
00000000111111111
00000000000000000
00000000000000011
11111111111100000
11111111111000000
00000000000000000
00000000000000000
13 3
16 7
6 15
2 14
12 15
7 0
8 4
6 4
16 12
7 15
16 10
13 9
7 14
10 1
12 4
10 6
3 8
14 15
15 11
11 13
13 0
1 8
16 0
5 14
4 8
6 12
7 6
0 5
15 0
15 8
9 15
6 1
0 10
11 3
6 3
1 4
16 1
12 0
8 10
6 14
7 8
11 14
7 11
9 0
16 3
12 16
4 13
7 12
7 3
11 12
3 16
5 15
1 7
10 13
2 6
4 0
1 11
2 11
11 4
15 9
16 2
13 10
14 3
14 7
2 4
16 15
10 11
2 7
11 2
4 5
9 14
15 7
4 7
12 10
3 9
5 3
9 7
4 1
15 3
1 16
14 16
5 2
15 16
9 4
1 5
11 1
3 3
3 11
6 7
16 13
6 13
1 0
4 10
14 8
0 11
8 3
0 14
15 5
0 7
12 2
2 15
12 12
6 16
14 2
11 7
13 2
4 15
5 0
14 11
13 13
1 10
14 13
11 16
8 11
3 2
3 1
3 14
8 6
1 1
0 4
7 7
9 9
10 5
0 9
13 6
12 6
