10 94 1926
001000100
101000100
101000000
100000000
100000000
100000000
100000000
100000000
100000000
100000000
0000000000
0000001000
0000000000
0000011111
0111111110
0001111111
0000000000
0000000011
0000000000
8 8
4 6
7 7
1 8
5 2
2 4
0 2
6 8
4 4
8 4
0 7
1 0
5 5
7 9
6 6
9 5
4 3
4 2
2 6
6 4
5 7
3 3
6 1
1 4
7 3
3 6
2 9
4 0
1 2
0 8
5 6
0 5
1 9
5 9
8 1
4 7
9 9
0 0
9 6
4 5
5 0
2 5
1 1
0 6
7 6
5 4
1 7
2 8
3 8
9 3
7 4
5 8
9 2
1 3
7 5
9 8
6 2
2 7
2 3
1 5
9 0
5 3
2 0
3 0
8 2
8 7
4 1
3 9
6 9
0 4
9 1
0 3
6 0
8 0
3 5
9 4
6 3
9 7
4 8
8 9
0 1
3 4
6 5
7 1
7 8
7 2
2 1
3 7
5 1
7 0
3 1
2 2
4 9
8 5
