20 140 4310
0000000000000000000
0000000000000000000
0000000000000000000
0000000000000000000
0000000000000000000
0000000000000000000
0000000000000000000
0000000000000000000
0100000000000000000
0100000000000000000
0100000000000000000
0100000000000000000
0110000000000000000
0110000000000000000
0000000000000000000
0000000000000000000
0000000000000000000
0000000000000000000
0000000000000000000
0000000000000000000
00000000000000000000
11111111100000000000
00000000000000000000
00000000000000000000
00000000000000000000
00000000000000000000
00000000000000000000
00000000000000000000
00000000000000000000
00000000000000000000
00000000000000000000
00000000000000000000
00000000000000000000
11111111111111110000
00000000000000000000
00000000000000000000
00000000000000000000
00000000000000000000
00000000000000000000
19 9
16 12
8 2
5 0
10 15
8 14
0 19
17 11
16 11
4 13
4 0
0 2
6 8
1 14
15 0
5 4
17 7
8 17
8 10
16 16
16 2
11 17
12 16
15 1
2 7
16 8
0 1
14 3
5 16
0 0
5 7
7 3
19 5
2 2
17 9
4 4
15 8
18 13
12 11
15 17
15 18
8 9
10 8
5 8
15 3
4 15
14 18
9 15
16 4
9 4
3 5
7 19
19 4
1 5
16 7
17 19
16 17
7 16
10 14
8 6
5 18
19 18
11 5
1 18
11 11
1 7
13 8
5 12
7 5
1 8
1 15
10 7
2 15
4 10
13 15
14 2
3 11
17 2
11 1
3 15
6 1
6 13
2 13
12 17
14 12
2 17
19 2
17 1
10 6
1 1
12 19
8 16
19 6
18 2
16 15
7 9
7 15
5 5
13 2
12 13
19 19
7 14
19 3
5 17
10 10
13 18
7 4
13 7
12 18
10 18
11 16
11 8
4 7
3 3
14 14
18 18
5 3
9 19
4 5
14 15
9 18
17 4
6 3
1 16
18 1
8 8
13 10
19 17
15 13
14 16
9 14
5 14
8 19
10 12
14 19
3 1
12 7
1 6
1 12
10 17
