12 50 695
00010000111
00010000011
00010000011
00010000011
00010010011
00000010011
00000010011
00000010011
10000010010
10000010010
10000010011
10100010001
000000000000
000000000000
000000000000
000000000000
000000000000
000000000000
000000000000
000000000000
000000000000
000000000000
000000000000
11 1
1 2
7 11
7 7
4 4
5 5
7 6
11 7
8 9
9 8
7 9
3 8
7 10
8 3
2 4
4 5
8 0
5 4
10 7
0 6
3 4
11 10
8 5
1 3
4 7
9 2
3 11
4 9
9 10
5 6
8 2
11 2
8 1
2 9
6 6
4 11
3 5
4 1
8 4
10 2
1 4
7 3
11 0
9 11
3 3
9 5
11 3
3 2
6 10
4 6
