15 209 4766
00000000010000
00000000010000
00000000010000
00000000010000
00000000010000
00000000010000
00000001010000
00000001010000
00000001010000
00000000010000
00000000010010
00000000000010
00000000000010
00000000000010
00000000000010
000000000000000
000000000000000
000000000000000
000000000000000
111111000000000
000011111100000
000000000010000
000000000000000
000000000000000
000000000000000
000000000000000
000000000000000
000000000000000
000000000000000
2 8
0 0
13 8
10 1
14 5
9 11
5 1
2 11
10 14
6 12
12 12
12 7
11 1
7 3
1 9
14 10
3 9
8 5
7 7
6 10
0 8
13 7
10 13
3 7
0 1
14 11
0 3
2 3
9 6
10 7
11 8
7 1
11 5
12 13
2 5
11 10
2 2
12 9
7 2
7 5
12 0
10 11
1 13
12 11
0 12
4 4
4 8
8 3
12 5
1 10
9 9
12 6
10 2
5 13
1 0
14 13
6 13
2 14
1 4
8 1
1 7
14 6
4 13
8 11
7 0
3 2
8 4
8 8
13 5
0 10
14 8
0 5
14 9
12 2
4 7
7 13
3 4
5 2
8 14
1 3
12 4
11 14
13 0
6 5
1 12
13 2
6 9
4 11
6 7
6 8
11 7
6 6
8 12
2 12
12 14
5 0
5 10
2 1
3 6
9 1
2 4
7 12
2 10
10 12
13 10
3 3
12 10
4 9
9 14
11 6
14 7
5 14
0 14
3 0
4 2
2 6
9 2
4 14
10 3
13 4
3 8
5 4
10 5
12 3
0 2
3 11
0 13
13 12
10 4
2 9
11 12
9 4
4 5
4 10
11 3
2 0
6 0
8 10
9 13
7 14
10 10
0 9
9 12
3 14
14 4
1 8
1 1
5 12
6 1
14 1
7 8
11 2
11 13
10 9
3 13
1 5
13 13
8 6
9 8
6 3
2 13
12 1
9 5
7 6
6 14
7 4
13 3
5 6
8 7
0 7
14 3
11 9
5 9
3 1
13 6
4 3
0 6
1 6
5 7
5 8
5 5
12 8
3 10
4 12
14 0
6 2
4 1
11 4
14 12
11 0
8 13
6 4
3 12
10 8
4 0
1 2
9 7
0 4
13 11
14 14
9 0
8 2
0 11
6 11
1 11
8 0
8 9
14 2
13 14
