15 103 2297
00000000000000
00000000000100
00000000000100
00000001000100
01000001000100
01000001000100
01000001000100
01000001000100
01000001000100
01000000000000
01000000000000
00100000000000
00100000000000
00100000000000
00100000000000
000000000000000
000000000000000
111111100000000
000000000000000
000000000000000
000000000000000
000000000000000
000000000000000
011111111111111
000000000000000
000000000000000
000000000000000
000000000000000
000000000000000
11 8
13 0
14 1
3 9
10 4
6 2
13 5
0 2
1 12
5 5
5 6
11 11
12 10
8 8
13 14
12 14
12 5
5 0
4 14
10 0
5 11
8 11
4 6
10 2
6 9
13 1
6 7
3 14
6 4
6 13
7 11
3 11
6 12
13 9
7 8
1 14
7 0
1 13
2 11
0 13
0 11
4 5
10 12
6 3
6 10
13 7
5 1
3 5
14 11
7 1
2 7
0 1
11 9
9 1
0 8
4 1
11 4
2 2
9 12
5 9
7 7
12 12
14 8
14 2
11 10
4 12
0 7
9 13
2 6
0 3
12 2
2 3
8 7
12 7
1 1
6 1
5 13
10 3
6 14
0 14
8 5
14 6
3 4
1 11
5 2
10 1
7 14
2 4
11 7
2 13
6 11
1 4
10 11
11 2
7 4
4 4
8 1
4 11
8 3
0 0
8 14
13 2
9 2
