19 276 8261
001010000000010011
001010000000010011
001010000000010001
001010000000010001
001010000000011001
001010000000001001
001000000001001001
001000000001001001
001000000001001001
001000000001001001
000000000001001001
000000000001001001
000000000001001001
000000000001001000
000000010001001000
000000010001001000
000000010001001000
000000000000001000
000000000000001000
0000000000000000000
0000000000000000000
0000000000001100000
0000000000000000000
0000000000000000000
0000000000000000000
0000000000000000000
0000000000000000000
0000000000000000000
0000000000000000000
0000000000000000000
0000000000000000000
0000000000000000010
0000000000000000000
0000000000000000000
0000000000000000000
0001111111111110000
1111111111111000000
18 12
18 3
12 1
4 15
6 13
17 10
17 7
3 17
18 8
11 3
8 9
5 3
10 15
6 5
1 12
1 8
0 4
7 8
9 1
9 13
12 6
0 15
7 6
15 3
13 6
6 15
14 10
6 10
8 16
11 17
5 4
15 12
2 3
10 0
3 7
8 4
0 18
0 13
16 4
11 18
2 1
0 0
18 18
12 18
10 13
0 7
16 14
5 0
0 8
14 1
10 12
14 7
17 5
10 18
8 18
14 18
7 12
16 5
5 1
12 16
1 4
14 15
15 15
18 4
18 10
11 11
9 17
2 15
9 14
4 6
10 5
17 12
13 12
18 1
6 14
4 5
15 9
15 7
9 8
11 15
15 14
4 4
5 2
12 7
2 12
2 9
4 1
9 4
14 6
7 3
18 11
3 14
7 0
10 4
16 8
15 6
17 0
18 5
18 16
1 7
6 0
6 3
6 17
0 14
12 4
14 5
12 10
18 9
1 9
13 2
10 14
17 17
4 2
5 11
6 12
16 0
14 12
7 18
9 11
17 3
9 10
2 14
10 7
6 11
8 3
4 0
5 5
1 15
2 16
12 3
8 13
16 18
11 5
8 5
13 9
9 3
14 9
8 1
11 13
5 17
4 3
1 13
2 7
16 3
13 4
6 18
3 5
0 3
1 2
12 0
12 9
1 1
0 9
2 13
5 8
2 6
5 15
18 15
14 14
3 6
0 1
5 6
0 5
2 18
17 14
16 12
17 4
5 18
1 11
12 5
7 15
14 17
8 8
12 11
7 14
17 2
18 17
15 1
13 10
0 2
1 14
15 18
1 16
6 6
0 17
6 9
2 0
13 0
13 13
16 13
10 11
13 8
17 13
1 10
9 18
0 10
9 9
6 2
3 15
15 16
11 16
16 11
14 11
4 9
9 16
10 3
13 15
11 12
18 13
9 7
13 1
6 4
14 8
7 2
2 17
8 11
2 11
16 2
5 10
17 8
4 18
11 4
12 13
3 2
14 3
14 0
17 18
14 4
4 17
11 1
4 11
17 15
9 2
5 7
3 18
10 10
9 0
15 5
8 2
13 16
1 0
7 9
6 16
1 17
10 6
13 5
4 12
8 14
10 8
1 6
12 14
10 2
7 10
4 8
8 15
2 8
13 17
11 0
16 6
7 11
3 12
13 7
10 9
7 16
9 15
7 5
1 18
18 14
15 0
8 12
5 12
10 1
18 0
9 12
14 16
13 3
