12 131 3166
00000001100
00000000100
00000000100
00000000100
00000000100
00000000100
00000000100
01000000100
01000100100
01000100000
00000101000
00000000000
000000000000
111111110000
000000000000
000000000000
110000000000
000000000000
000000000000
000000000001
000000000000
110000000000
011111111111
10 9
0 4
4 11
7 8
11 1
9 4
1 8
4 7
7 7
9 0
7 2
2 3
4 3
3 7
1 7
4 8
5 1
1 3
2 10
5 9
4 1
4 0
4 10
2 4
11 3
0 6
11 5
7 10
7 9
6 7
7 1
4 6
11 6
5 8
11 4
11 10
6 3
7 4
2 1
7 11
11 11
8 4
4 4
5 10
11 2
1 9
6 0
6 9
2 0
10 5
3 4
8 9
9 9
7 0
5 0
6 1
0 1
9 2
1 5
5 2
9 6
9 1
1 0
5 3
3 0
6 11
5 6
3 10
10 3
6 4
0 10
2 9
10 1
3 1
6 10
1 1
11 0
1 4
11 9
8 2
8 5
5 5
8 10
3 5
8 6
8 0
9 8
0 2
4 9
7 5
1 10
8 8
0 9
9 5
6 8
6 5
8 1
10 8
7 3
10 4
10 2
1 2
11 8
11 7
2 7
7 6
6 2
2 5
3 9
5 11
1 11
8 3
3 6
4 5
0 11
3 11
0 5
10 10
10 7
2 11
3 3
10 0
5 4
3 2
0 7
8 7
9 10
0 3
9 7
0 0
9 11
