16 56 1174
000000000000000
000000000000000
000000000000000
000000000000000
000000000000000
001000010000000
001000010000000
001000010000000
000000000000000
000001000000000
000001000000000
000001100000000
000001100000000
000001100000000
000001100000000
000001100000000
0000000000000000
0000000000000000
0000000000000000
0000000000000000
0000000000000000
0000000000000000
0000000000000000
1111111111111100
0000000000000000
0000000000000000
0000000000000000
0001110000000000
0000000000000011
0000000000000000
0000000000000000
2 7
1 4
7 12
0 2
14 12
4 2
3 14
2 8
7 9
15 7
15 8
7 10
9 13
1 10
0 3
5 0
12 11
7 6
4 1
6 1
1 13
13 9
2 15
7 0
0 6
7 7
11 4
4 15
11 5
7 15
8 9
15 6
8 2
9 4
14 14
13 3
5 11
12 5
3 15
2 2
14 2
9 9
4 6
13 6
0 12
13 15
15 10
15 1
6 8
6 13
9 14
14 1
4 9
6 3
14 15
2 13
