13 132 1308
000000000000
000000000000
000000000000
000000000000
000000000000
000000000000
000000000000
000000000000
000000000000
000000000000
000000000000
000000000000
000000000000
0000000000000
0000000000000
0000000000000
0000000000000
0000000000000
0000000000000
0000000000000
0000000000000
0000000011111
1000000000011
0000000000000
0000000000000
6 8
3 3
3 7
10 5
0 9
6 12
7 8
10 9
6 9
0 10
8 1
0 11
6 6
3 2
4 9
1 4
8 3
4 0
11 4
10 3
7 1
0 7
4 2
5 5
2 4
12 4
11 5
0 8
3 10
8 8
3 12
8 0
4 10
4 12
10 1
9 6
12 3
11 9
4 3
3 8
6 7
0 4
7 3
9 2
4 7
0 1
1 6
9 7
6 0
9 12
12 11
5 6
1 10
2 6
7 4
11 0
5 10
11 12
2 2
0 0
8 5
4 5
7 11
6 3
9 11
2 0
2 9
1 12
2 1
0 3
11 6
10 12
6 1
5 3
7 5
0 2
7 10
1 9
3 9
12 1
2 12
9 0
9 1
0 6
10 7
1 5
9 10
11 3
4 4
12 10
8 12
9 5
7 7
10 6
0 12
3 5
12 2
4 6
1 11
7 0
6 11
2 3
4 1
11 11
10 10
8 10
5 11
1 8
7 9
10 11
1 0
10 0
7 6
12 8
5 9
9 3
5 7
10 8
6 5
5 8
0 5
8 2
6 10
3 6
5 1
4 11
11 7
8 11
9 8
5 2
5 0
1 2
