13 76 1551
000001000000
000001010000
000001010000
000001010000
000001000000
000001000000
000001000000
000001000000
000001000000
000001000000
000001000000
000001000000
000000000000
0000001111100
0000000011110
0000000000001
0000000000000
0000000000000
0000000000000
1111000000000
0000000000000
0000000000000
0000000000000
0000000000000
0000000000000
7 11
1 1
6 0
5 7
5 0
3 8
10 7
5 8
3 0
7 6
8 7
6 11
12 10
10 2
5 12
9 5
11 3
11 9
6 9
8 4
5 3
2 1
12 5
3 10
2 2
11 10
11 0
1 5
9 2
7 5
3 7
7 1
12 8
0 10
0 2
7 7
5 4
9 10
10 6
4 10
6 8
11 6
10 4
0 9
9 7
8 6
9 8
2 11
1 10
4 4
12 6
10 10
2 12
8 9
2 3
7 12
7 10
3 3
10 8
0 11
0 4
4 7
2 6
0 0
3 1
6 6
0 3
10 11
10 3
6 7
3 5
2 5
4 8
8 3
7 8
11 2
