12 118 3042
00000010000
00000010000
00000010010
00000010010
00000010010
00000010010
00010010010
00010000010
00010000010
00010000010
00010000010
00010000010
000000000000
000000000000
001111100000
111100000000
000000000000
000000000000
000000000000
000000000000
000000000000
000000000000
000000000000
10 3
7 11
8 0
6 4
1 5
7 9
4 5
9 8
2 1
0 6
3 2
10 4
0 5
10 1
7 10
8 10
2 7
8 11
0 1
9 4
3 3
5 2
11 5
10 0
1 9
10 11
10 7
9 2
11 3
0 4
3 5
0 11
3 7
9 6
9 0
1 0
7 5
4 11
5 7
1 6
2 2
11 10
0 3
6 8
9 9
6 0
0 0
0 9
6 1
6 6
5 0
7 8
7 1
10 5
3 11
3 10
4 10
4 4
4 9
1 11
11 11
9 1
9 3
2 11
0 8
1 1
7 0
10 9
7 7
3 0
7 6
0 2
8 7
1 2
2 5
8 4
1 3
8 6
3 8
4 0
2 6
8 2
4 8
4 2
9 11
2 10
2 4
5 5
8 5
6 7
1 4
9 5
11 2
7 3
0 7
6 11
10 6
8 1
5 1
9 10
7 2
5 6
4 1
1 7
2 0
5 11
5 8
0 10
11 9
11 7
10 2
4 7
11 1
4 3
5 9
6 9
1 10
4 6
