13 92 2983
000001010100
000001010000
000001010010
000001010110
000001010110
000001010110
000001010110
000001010110
000001010111
000001010111
000001000111
000100000111
000100000111
0000000000000
0000000000000
0111110000000
0000000000000
0000000000000
0000000000000
1111100000000
0000000000000
0000000000000
0000000000000
0000000001000
0000000000000
1 1
12 4
4 8
12 9
11 7
6 7
7 3
6 5
0 11
1 0
11 1
4 3
7 10
11 11
12 7
12 12
9 8
12 1
10 0
5 3
6 8
2 11
0 2
7 4
9 9
5 2
4 12
3 12
10 4
8 7
0 1
7 9
11 12
0 6
3 5
8 12
2 0
5 4
3 9
8 6
1 7
7 5
9 6
0 10
6 11
8 4
4 4
8 11
10 10
5 8
0 0
1 10
4 1
6 10
1 12
1 2
3 10
11 6
6 9
10 6
6 3
9 3
11 10
4 7
10 11
8 10
12 0
10 5
3 4
4 2
1 5
5 12
11 3
3 11
9 11
8 5
1 8
9 12
4 0
12 10
2 8
5 10
3 1
7 7
2 9
7 1
8 3
0 7
1 9
8 9
2 3
7 11
