17 45 1251
0001000010000000
0001000010000000
0001000010000010
1001001010010010
1001001010010010
1001001010010010
1001011010010010
1001011000000000
1001011000000000
1001011000000000
1001011000000001
1001011000000001
1001011000000001
1000011000000001
1000011000000001
1000011000000001
1000011000000001
00000000000000000
00000000000000000
00000000000000000
00000000000000000
00000000000000000
00000000000000001
00000000001111111
00000001111110001
00000000000000000
00000000000000000
00000000000000010
00000000000000000
00000000000000000
00000000000000000
00000000000000000
00000000000000000
6 15
15 14
10 7
11 16
14 15
7 0
13 14
14 13
7 14
11 15
5 6
2 13
9 16
7 5
1 12
13 3
4 14
0 14
0 2
11 11
3 15
4 6
5 1
9 8
10 16
15 15
4 5
8 9
12 15
13 10
13 13
11 2
1 7
15 6
1 2
6 5
8 4
8 6
7 13
3 2
4 9
16 14
4 1
13 15
5 14
