14 111 2565
0000000000000
0000000000000
0000000000000
0110000000000
0010000000000
0010000000000
0010000001000
0010000001000
0010000000000
0010000000000
0010000000000
0010000000000
0010000000000
0000000000000
00000000000000
00000000000000
11111111000000
00000000000000
00000000000000
00000000000000
00000000000000
00000000011111
00000000000000
00000000000000
00000111111111
00000011111111
00000000000000
1 10
5 2
5 11
10 13
13 7
1 2
0 4
13 12
1 7
2 6
1 3
7 6
7 12
9 2
0 0
10 11
5 9
0 11
9 13
4 1
2 11
9 10
11 2
3 1
4 11
7 4
2 2
7 7
8 0
11 3
2 10
1 9
11 4
7 11
6 6
5 13
1 13
6 13
3 7
4 7
12 12
10 9
1 0
8 3
12 11
11 11
5 1
8 9
4 8
0 8
6 2
10 8
7 2
10 5
0 13
9 1
0 10
8 5
3 11
12 5
11 10
4 4
7 8
10 10
7 1
3 3
9 5
0 3
4 6
8 2
10 1
8 1
0 5
12 2
3 4
13 4
4 5
11 5
8 10
12 9
11 13
9 3
0 1
12 10
6 3
13 9
9 0
11 9
12 0
1 8
8 11
1 4
11 7
3 13
11 8
3 5
8 12
11 0
6 11
10 6
9 12
4 13
13 1
13 11
4 10
7 13
13 6
2 8
13 2
13 10
12 13
