14 118 2998
0000010000000
0000011000000
0000001000000
0000001000000
0000001000000
0000001000000
0000001000000
0000001000001
0000001000001
0000001000001
0000001000001
0000001000001
0000001000001
0000001000001
00000000000000
00000000000000
00000000000000
00000000000000
00000000111111
00000000000000
00000000000000
00000000000000
00000000000000
00000000000000
00000000000000
00000000000000
00000000000000
0 5
8 10
9 6
12 10
3 10
3 9
10 12
4 12
9 10
1 12
0 6
8 2
4 9
11 7
0 7
1 2
6 8
13 10
13 0
12 2
11 9
10 13
5 9
3 11
5 3
7 5
9 5
4 11
3 8
10 1
11 4
8 12
7 12
9 4
11 6
6 10
11 2
8 5
0 2
11 11
3 6
5 5
11 13
1 8
11 8
3 3
0 13
5 11
10 6
7 4
7 7
6 6
8 0
12 12
0 8
13 9
11 12
12 0
5 1
7 10
3 2
3 0
7 0
5 6
8 9
10 8
7 9
11 0
5 13
10 0
1 13
11 10
11 1
1 0
1 1
2 13
2 5
13 2
8 13
1 9
4 8
0 0
12 7
13 6
9 12
3 5
0 1
8 7
10 3
13 7
3 12
9 7
1 10
1 7
6 7
7 8
6 13
5 4
6 1
7 11
12 4
8 4
6 4
13 12
2 10
1 6
4 0
3 4
9 0
5 0
7 2
4 4
4 10
13 3
12 1
5 2
3 1
13 13
