12 75 863
00000000000
00000000000
00000000000
00000000000
00000000000
00000000000
00000000000
00000000000
00000000000
00000000000
00000000000
00000000000
000000000000
000000000000
000000000000
000000000000
000000000000
000000000000
000000000000
000000000000
000000000000
000000000000
000000000000
2 11
3 7
9 8
9 2
3 4
6 5
3 3
2 2
10 8
3 1
3 11
6 9
6 1
0 11
5 11
7 8
10 5
4 5
8 6
5 2
11 3
6 3
10 9
4 7
5 9
9 7
1 0
10 7
11 2
8 5
2 5
7 6
7 7
1 3
4 4
8 7
11 7
1 5
7 9
8 8
7 5
6 2
9 9
9 5
1 7
7 0
11 11
11 5
0 2
11 0
1 2
6 6
2 8
4 1
1 4
7 10
2 4
4 2
6 11
6 0
8 1
0 5
11 1
7 3
6 8
9 3
10 2
3 10
1 1
7 11
9 1
0 8
5 0
11 10
0 9
