14 37 502
0000000000100
0000000000100
0000000000000
0000000000000
0000000000000
0000000000000
0000000000000
0000000000000
0000000000000
0000000000000
0000000000000
0000000000000
0000000000010
0000000000010
00000000000000
00000000000000
11111111111100
00000000000000
00000000000000
00000000000000
11111111111000
00000000000000
00000000000000
00000000000000
00000000000000
00000000000000
00000000000000
6 5
13 8
0 10
0 4
11 0
10 6
7 12
6 2
9 7
4 7
7 10
4 8
4 6
11 2
10 10
4 13
6 8
8 9
13 11
9 13
8 11
1 11
10 2
8 4
2 2
13 4
7 11
1 8
11 6
5 13
7 13
3 0
11 5
11 10
0 1
7 4
2 11
