14 46 1504
0001010000000
0011010000000
0011010000000
0011010000000
0011000000000
0011000000000
0011000000000
0011000000000
0011000000000
0011000000000
0011000000000
0011000000000
0011000000000
0010000000000
00000011000000
00000000000000
00000000000000
00000000000000
00000000000000
00000000000000
00000000011111
00000000000000
00000000000000
00000000000000
00000000000000
00000000000000
00000000000000
4 0
8 1
13 7
8 0
2 10
5 0
10 4
3 0
1 8
3 3
10 13
3 8
2 6
0 3
1 6
9 12
2 1
1 9
5 6
1 4
10 5
12 0
6 12
2 13
12 3
7 12
0 9
13 3
9 7
11 6
12 8
7 11
10 12
9 6
4 6
1 7
9 8
0 4
7 8
3 7
0 11
10 2
12 9
11 3
2 4
6 3
