18 139 6296
00001001100001000
01001001100001000
01001001100001000
01001000100001000
01000000100001000
01000000100001000
01000000100001000
01000000100001000
01000000100000000
01000000100000000
01000000100000000
01000000100000000
01000000000000000
01000000000000000
01000000000000000
01000000000000000
01000000000000010
01000000000000000
000000000000000000
000000000000000000
000000000111101100
000000000000000001
000000000000000000
000000000000000000
001111110000000000
000000000000000000
000000000111111000
000000000000000000
000000000000000000
000000000000000000
000000000000000000
000111111111111111
001111110000000000
000000000000000000
001111111111111110
9 4
7 3
15 5
3 2
9 12
7 9
14 1
15 1
6 8
0 10
2 5
14 3
11 2
17 7
0 5
16 16
4 7
12 3
7 2
4 2
11 7
13 9
3 17
2 11
12 0
6 14
12 1
12 10
2 2
5 17
6 0
4 14
15 17
8 11
5 0
7 11
4 8
4 4
2 4
13 6
14 11
6 6
6 16
2 10
17 11
5 12
3 1
1 17
8 2
7 7
1 12
1 4
13 17
13 5
9 10
13 4
13 1
7 6
15 4
4 1
6 7
9 17
3 0
4 11
4 13
11 1
9 11
6 2
2 13
14 9
2 7
13 13
17 6
1 5
17 12
13 15
5 11
0 1
12 4
7 5
9 14
6 5
0 13
17 4
1 3
9 15
9 3
7 12
12 17
1 10
10 5
3 9
9 0
16 9
11 13
6 3
1 6
16 17
10 16
7 0
3 12
15 6
5 7
8 10
0 9
11 3
16 1
17 17
9 5
14 7
14 2
4 16
5 15
2 17
9 6
13 8
14 5
10 12
8 7
4 17
16 6
15 16
8 3
6 10
3 5
8 1
17 1
11 0
5 13
2 16
0 15
4 15
12 11
10 15
15 9
14 16
10 9
2 3
17 9
