20 302 7459
0000000000001000000
0000000000001000000
0010000000001000000
0010000000001000000
0010000000001000000
1000000000001000000
1000000000001000000
1000000000001000000
1010000000001000000
1010000000001000000
0010000000001000000
0010000000001000000
0010000000001000000
0010000000001000000
0010000000000000000
0000000000000000000
0000000001000000000
0000000001000000000
0000000001000000000
0000000001000000000
00011111111110000000
00001111111110000000
00000000000000000000
00000000000000000000
11111111111000000000
00000000000000000000
00000000000000000000
00000000000000000000
00001111111110000000
00011100000000011111
00000000000000000000
00000000000000000000
00000000000000000000
00011110000000000000
11111000000011111111
00000000000000000000
00000000000000000000
00000000000000000000
11111111100001111111
4 16
2 14
19 11
9 13
0 16
19 18
12 15
10 14
3 15
5 10
2 6
15 8
16 18
10 18
11 8
4 8
0 10
6 8
17 3
2 10
3 7
14 18
17 6
3 0
16 12
14 15
11 7
18 6
4 11
7 2
2 8
19 7
13 13
18 9
16 4
18 1
5 19
9 7
0 12
12 6
13 5
11 12
13 11
9 3
10 0
17 7
15 18
16 8
7 19
12 18
10 12
4 15
14 8
1 8
15 15
2 3
6 5
1 2
6 0
7 14
3 2
12 16
12 7
19 4
18 10
3 8
15 19
13 18
16 7
6 1
19 17
10 1
14 11
13 10
1 7
15 9
4 1
10 5
17 14
9 10
5 16
9 16
6 3
16 14
14 4
3 18
1 1
18 17
12 19
5 1
1 6
2 7
5 14
9 19
13 6
7 17
12 9
2 18
9 8
11 3
4 17
17 4
13 3
10 4
15 12
6 19
11 2
1 9
16 5
1 19
10 2
10 15
19 6
5 8
8 11
13 12
11 17
18 2
11 6
11 4
7 13
7 18
19 8
13 1
16 1
6 14
10 11
0 11
12 0
3 5
14 9
1 12
8 2
0 8
13 14
6 16
17 8
17 5
0 5
7 10
19 2
3 12
0 17
13 19
2 9
14 5
8 13
3 17
13 15
12 4
3 10
3 9
12 3
2 13
7 15
15 14
13 17
12 14
17 2
8 16
9 6
5 4
16 15
4 5
4 19
8 10
17 19
0 14
16 10
4 6
18 12
18 18
11 0
13 8
9 15
10 9
13 4
6 12
6 15
14 7
9 1
17 16
9 14
19 19
16 13
14 14
14 0
13 9
16 0
11 19
16 19
7 8
16 2
8 4
19 5
17 13
16 16
3 1
12 5
6 18
2 15
7 11
15 16
15 17
9 4
15 6
1 18
2 11
1 11
4 13
6 11
4 12
2 16
0 1
17 17
18 14
17 1
7 6
14 12
0 2
7 3
10 8
7 9
4 4
18 5
18 3
3 3
19 0
9 5
17 18
17 11
9 12
14 1
1 13
5 9
14 6
18 8
8 7
17 9
18 16
9 18
0 4
4 14
11 9
11 14
5 7
19 9
1 15
5 17
2 12
2 5
9 9
7 4
2 2
16 9
5 6
5 2
13 0
8 14
17 10
10 13
18 4
16 3
12 17
15 3
1 3
19 16
3 19
7 12
19 3
9 2
0 9
2 1
10 19
4 0
6 17
12 13
0 19
11 18
5 15
19 14
14 19
1 0
5 11
1 17
12 12
8 17
8 19
15 13
14 13
4 2
0 6
17 0
10 10
11 1
10 17
17 15
7 5
17 12
18 11
5 3
8 1
