20 83 2945
0000100000010010000
0000100000000010000
0000100000000010000
0000100000000010000
0000100000000010000
0000100000000010000
0000100000000010000
0000100000000010000
0000100000000010000
0000100000000010000
0000100000000010000
0000100000000010000
0000100000000010000
0000100000000010000
0000100000000010000
0000100000000011010
0000100000001011010
0000100000001011010
0000100000001011010
0000000000001001010
00000000000000000000
00000000000000000000
00000000000000000000
00000000000000000000
00000000000000000000
00000000000000000000
00000000000000000000
00000000000000000000
00000000000000000000
00000000000000000000
00000000000000000000
00000000000000000000
00000000000000000000
00000000000000000000
00000000000000000000
00000000000000000000
00000000000000000000
00000000000000000100
00000000000000000000
16 12
1 8
8 15
2 7
8 4
16 18
19 13
19 18
8 1
10 0
9 1
13 10
9 5
3 13
12 11
13 12
4 11
5 4
3 0
3 16
18 5
2 16
10 3
16 2
17 6
18 18
6 5
13 7
5 3
16 17
1 9
18 15
11 5
7 4
10 14
16 11
12 2
13 16
5 7
16 5
0 7
8 17
12 1
4 3
2 12
12 3
14 1
15 4
4 0
11 12
9 18
14 8
8 0
12 4
1 12
15 9
12 5
15 2
13 1
7 5
4 6
1 15
18 16
14 17
11 11
11 18
5 10
9 11
19 0
8 18
7 14
7 3
19 12
15 18
19 2
12 16
15 11
16 7
2 4
12 12
11 15
16 0
14 6
