13 67 1389
001100000100
001100000100
011100000100
011100000100
011100000100
011100000100
011000000100
011000000100
010000000100
010000010101
010000000101
010000000001
010000000001
0000000000000
0000111100000
0000000000000
1000000000110
0000000000000
0000000000000
0000000000000
0000000000000
0000000000000
0011111110000
0000000000000
0000000000000
11 4
5 1
12 7
2 10
12 10
2 12
4 6
6 10
8 0
12 3
6 6
12 4
12 1
1 11
9 9
5 3
0 2
3 2
10 1
7 5
4 5
10 9
8 5
7 3
2 9
7 7
10 2
4 11
1 5
10 6
8 1
3 9
10 0
6 9
4 0
12 0
9 11
5 11
2 1
1 12
2 11
10 7
5 0
11 12
7 8
12 2
4 1
11 10
2 0
7 2
11 5
6 4
11 7
1 4
11 1
4 12
0 7
2 4
5 6
1 10
6 1
9 2
10 4
6 2
12 12
10 5
8 7
