14 23 428
0000001000010
0000001000010
0000001000010
0000001000011
0000001000001
0000001000000
0000001000000
0000000001000
0000000001000
0000010001000
0000010001000
0000010001000
0000010001000
1000010001000
00000000000000
00000000000000
00000000000000
11110000000000
00000001111110
00000000001111
00000000000000
00000000000000
00000000000000
00000000000000
00000000000000
00000000000000
00000000000000
8 0
13 13
1 11
8 13
4 9
3 7
7 6
2 0
4 6
9 7
13 6
13 11
6 3
1 5
1 1
4 3
9 13
8 2
0 6
2 11
10 0
8 8
0 8
