17 205 3999
0000010000001000
0000010000000000
0000010000010000
0000010000010000
0000000000010000
0000000000010000
0001000000010000
0011000000010000
0011001000000000
0011001000000000
0011001000000000
0011001000000000
0011001000000000
0011001000000000
0000000000000000
0000000000000000
0000000000000000
00000000000000000
00000001111111111
00000000000000000
00000000000000000
00000000000000000
00000000000000000
00000000000000000
00000000000000000
00000000000000000
00000000111111111
00000000000000000
00000000000000000
00000000000000000
00111111111111111
00000000011111111
11111111111111100
0 7
6 6
2 11
9 8
6 9
2 9
13 3
11 16
14 9
9 0
9 10
9 11
15 9
10 10
1 10
12 13
3 0
8 1
6 0
13 11
11 11
12 2
5 7
5 4
7 7
16 11
4 8
14 10
12 8
1 5
10 14
4 11
13 4
11 5
10 6
14 5
6 16
8 12
8 0
3 14
13 12
13 7
8 8
12 4
9 15
3 12
3 5
8 10
2 10
13 9
14 6
1 14
11 0
0 1
11 14
6 8
0 13
0 15
5 8
10 15
6 10
9 12
11 13
12 5
13 10
14 3
5 5
16 6
4 1
0 3
16 0
10 11
11 8
7 14
11 12
11 10
6 5
12 15
4 10
1 16
10 0
5 9
12 12
10 2
0 4
5 6
14 0
10 7
3 3
15 4
15 12
12 6
16 13
2 0
8 9
3 6
4 2
16 5
2 6
14 2
15 5
9 1
7 6
3 13
7 10
3 11
12 11
10 4
5 3
4 3
9 14
1 6
11 7
15 11
7 3
1 12
4 16
9 6
1 2
11 4
4 9
5 16
0 9
9 3
16 7
14 11
3 8
13 16
6 11
6 14
2 8
6 1
5 14
14 4
7 5
0 12
11 2
14 14
4 15
2 4
7 9
11 3
5 13
3 15
13 8
8 5
2 5
0 2
10 3
14 1
7 1
15 2
3 9
10 13
4 0
6 7
11 6
4 12
13 1
2 1
4 6
5 15
1 13
8 2
6 13
3 2
6 4
13 0
15 8
15 10
2 15
13 6
8 16
4 5
10 1
6 12
5 1
14 13
13 15
5 11
3 16
5 12
0 10
10 5
7 13
14 8
11 15
1 8
2 13
0 0
12 3
8 7
8 14
0 11
12 10
15 3
0 16
10 12
14 7
16 3
1 11
0 14
7 12
5 0
8 11
