19 355 8145
100000000000000011
100000000000000011
100000000000000011
100000000000000011
100000000000000011
100000000000000011
101000000000000001
101000000000000001
101000000000000001
101000000000000001
101000110000000001
101000110000000001
101000110001000000
101000110001000000
101000000000000000
101000000000000000
001000000010000000
001000000010000000
001000000010000000
0000000000000000000
0000000000000000000
0000000000000000000
0000000000000000000
0000000000000000000
0000000000000000000
0000000000000000000
0000000000000000000
0000000000000000000
0000000000000000000
0000011000000000000
0000000000000000000
0000000000000000000
0001111111111000000
0000000000000000000
0000000000000000000
0000000000000000000
0000000000000000000
11 7
14 11
6 2
5 13
13 7
1 3
10 1
14 17
7 10
18 12
9 5
2 17
9 7
11 12
12 13
2 1
4 11
18 4
4 7
8 3
2 12
3 7
18 16
18 6
3 18
1 6
4 14
17 18
12 10
6 14
12 3
15 3
3 16
17 9
4 10
16 0
8 11
15 8
6 18
4 6
13 8
16 16
11 4
17 15
11 3
12 16
3 4
2 6
3 6
1 2
5 12
14 12
8 17
3 3
9 0
5 0
18 17
6 10
13 6
12 6
0 0
18 18
14 13
5 11
11 2
8 7
18 15
18 0
8 14
8 18
0 7
7 4
1 11
15 5
6 6
14 15
0 2
0 5
13 11
11 18
6 4
3 10
10 16
5 1
18 11
7 18
2 9
6 3
18 5
0 10
3 13
14 7
13 16
7 15
6 15
16 9
3 0
11 6
2 3
10 9
13 15
14 3
18 14
8 6
9 4
18 10
5 2
3 14
4 1
6 0
13 0
17 1
15 12
1 16
12 17
10 2
6 5
11 1
4 9
17 3
11 14
9 9
7 5
16 3
7 2
3 1
2 16
13 14
15 4
10 8
13 17
4 16
0 6
14 6
9 17
10 6
11 8
8 16
12 15
8 5
15 17
0 13
8 10
12 2
4 2
13 4
14 4
13 12
16 13
17 17
7 0
0 4
18 1
2 11
5 10
7 3
8 15
11 17
7 6
17 10
5 5
5 17
6 16
17 11
14 10
4 13
18 9
5 7
8 0
0 15
16 8
9 11
17 5
13 3
2 5
11 11
10 14
2 8
3 2
1 1
8 2
6 11
2 13
0 17
0 14
7 16
10 10
12 11
2 4
6 7
0 3
10 17
12 18
10 3
0 11
5 16
13 9
5 18
10 4
5 9
9 8
16 14
4 12
15 0
11 9
2 2
12 0
9 1
0 18
2 7
12 9
0 9
13 10
5 8
9 6
7 7
8 4
3 12
15 7
11 0
15 11
15 14
17 8
14 14
17 12
9 3
16 6
10 18
4 0
6 13
0 8
1 5
14 16
2 18
3 5
2 10
6 9
18 7
15 15
12 12
17 14
1 0
12 14
8 12
4 17
0 16
1 12
8 9
2 14
16 18
7 8
14 0
5 4
1 15
15 16
17 6
1 10
1 8
9 18
13 13
4 5
9 14
4 8
10 7
18 2
16 17
5 6
16 15
3 15
17 0
9 15
5 14
15 10
7 13
7 14
17 16
17 4
3 17
9 2
1 14
10 0
16 1
18 3
0 1
14 1
18 13
9 10
17 13
18 8
16 4
9 13
14 2
0 12
3 11
3 9
11 5
1 17
6 8
12 5
2 0
8 8
17 2
16 5
10 13
13 1
15 18
7 11
4 4
2 15
7 17
4 15
4 18
15 6
1 9
11 10
15 13
1 18
1 4
15 1
13 2
16 7
10 11
16 2
11 13
7 9
10 15
1 7
16 11
7 12
15 2
10 12
9 16
16 10
4 3
8 13
15 9
17 7
9 12
5 3
5 15
6 1
14 18
8 1
6 12
14 8
1 13
12 7
7 1
12 8
13 18
12 1
3 8
11 16
13 5
6 17
