12 127 2199
00000000000
00000000000
00000000000
00000000000
00000000000
00010010000
00010010000
00000000000
00000000001
00000000001
00000000001
00000000001
000000000000
000000000000
000000000000
000000000000
011111111111
000000000000
000000000000
000000000000
000000000000
000000000000
000000000000
10 11
2 0
7 6
8 6
11 11
11 5
4 1
4 5
11 6
0 9
7 8
5 8
3 9
4 8
0 3
8 10
1 11
8 0
5 5
5 11
4 6
6 9
11 4
6 1
3 11
8 8
2 4
5 9
0 7
8 9
7 0
4 0
1 2
4 9
1 3
2 6
6 2
0 11
0 6
5 2
0 4
9 7
6 5
5 7
1 9
7 11
11 2
10 0
10 4
3 0
1 8
7 2
4 7
11 3
6 11
10 10
7 7
1 4
4 4
9 6
9 1
10 8
0 1
2 5
1 6
5 10
6 10
3 3
1 0
3 6
10 5
6 3
9 8
4 2
11 1
8 3
5 1
9 10
11 8
1 7
2 7
9 0
9 9
0 8
9 2
2 9
5 3
5 0
11 7
7 9
3 4
0 0
7 1
3 2
9 3
2 8
6 7
11 10
7 3
0 10
0 5
7 5
2 1
3 10
3 5
8 2
10 7
11 9
1 5
6 8
6 6
10 1
10 6
10 2
10 9
8 7
3 1
9 4
7 10
5 4
2 10
8 1
6 0
8 11
4 11
4 10
0 2
