18 32 833
00001000000000000
00001000000000000
00001000000000000
00001000100000000
00001000100000000
00001000100000000
00001000100000000
00001000100000000
00001000100000000
00000000100000000
00000000100000000
00000000000000000
00000000000000000
00000000000000000
00000000000000000
00000000000000000
00000000000000000
00001000000000000
000000000000000000
000000000000000000
000000111111111111
000000000000000000
111100000000000000
000000000000000000
000000000000000000
000000000000000000
000000000000000000
000000000000000000
000000000000000000
000000000000000000
000000000000000000
000000000000000000
000000000000000000
000000000000000000
000000000000000000
17 17
5 12
17 2
9 17
0 10
2 12
16 14
0 17
11 4
3 17
1 7
4 1
10 5
17 8
6 13
2 7
14 11
14 4
11 11
16 4
8 5
11 1
10 1
10 11
14 15
14 2
13 7
11 14
6 17
2 10
13 1
13 17
