20 227 5297
0001000000000000000
0001000000000000000
0001000000000000100
0001000000000000100
0001000000000000100
0001000000000000100
0001000000000000100
0001000000000000100
0000000000000000100
0000000000000000100
0000000000000000100
0000000000000000100
0000000000000000100
0000000000000000100
0000000000000000100
0000000000000000100
0000000000000000100
0000000000001000100
0000000000101000100
0000000000101000100
00000000000000000000
00000000000000000000
00000000000000000000
00000000000000000000
00000000000000000000
00000000000000000000
00000000000000000000
00000000000000000000
00000000000000000000
00000000000000000000
00000000000000000000
00000000000000000000
00000000000000000001
00000000000000000000
00000000000000111000
11111111111111000000
00000000000000111000
00000000000000000000
00000000000000000000
5 17
12 9
1 19
4 6
11 8
13 16
7 0
15 8
13 5
13 2
3 17
8 15
17 11
0 7
2 5
1 17
2 1
9 1
8 17
10 5
16 9
12 14
4 14
0 3
11 18
5 9
13 7
15 13
10 18
19 8
3 18
2 7
15 9
5 6
12 5
14 8
7 1
11 1
1 15
18 7
17 15
3 5
8 6
16 5
3 10
4 13
19 4
16 4
5 11
7 6
14 15
17 0
14 10
11 13
18 12
1 0
16 6
13 8
7 16
16 15
0 14
19 1
8 3
6 2
8 16
14 6
14 5
19 5
10 17
9 12
2 13
2 19
11 6
14 2
12 2
5 3
9 13
17 7
9 14
12 1
9 5
11 16
10 11
18 14
11 3
12 12
2 12
17 10
17 16
17 9
0 12
5 14
2 0
17 4
15 7
19 10
4 2
16 0
9 6
15 0
14 1
16 1
3 19
9 9
11 14
19 3
0 10
18 19
9 4
18 4
5 8
4 10
14 18
7 2
18 10
0 1
12 4
4 0
11 5
4 15
13 3
7 5
6 0
2 2
4 11
3 3
12 18
15 10
1 1
4 7
7 4
11 10
18 6
15 1
6 13
9 15
10 16
14 14
10 4
5 15
3 16
8 8
17 8
6 1
7 19
14 4
12 15
19 0
18 1
18 0
5 0
5 7
5 12
12 10
5 10
3 8
9 10
5 19
15 2
9 8
9 2
11 15
3 15
10 0
16 14
8 4
10 19
14 11
15 14
4 17
10 8
8 13
12 17
3 1
18 16
8 7
19 19
13 17
4 16
14 0
18 18
1 2
10 10
19 18
10 1
12 0
16 7
13 6
0 17
11 12
0 18
3 14
10 13
8 11
4 18
9 19
13 9
17 3
8 12
2 17
5 16
14 19
13 13
0 2
1 7
7 15
16 11
6 9
11 0
6 5
6 10
5 4
19 9
1 4
11 11
10 15
1 14
7 12
6 12
18 8
8 9
15 12
19 13
16 10
3 4
9 3
0 13
