19 336 12600
000000000000100000
000000000000100000
000000000000100000
000000000000100000
000000000000100000
000000000000100000
000000000000100000
000000000001110000
000000000001110000
000000000001110000
000000000001110000
000000000001110000
000000000001110000
000000000001110000
000000000001010000
000000000001010000
000000000001010000
000000000001010000
000000000001010000
0000000000000000000
0000000000000000000
0000000000000000000
0000000000000000000
0000000000000000000
1000000000000000000
0000000000000000000
0000000000000000000
0000000000000000000
0000000000000000000
0000000000000000000
0000000000000000000
0000000000000000000
0000000000000000000
0000000000000000000
0000000000000000000
0000000000000000000
0000000000000000000
15 4
8 10
15 3
8 4
3 5
14 1
12 9
11 16
17 12
13 1
5 5
18 17
12 12
4 13
0 4
14 0
13 2
15 0
5 1
1 10
12 1
1 18
11 3
3 2
11 6
4 2
16 0
8 9
16 3
18 7
4 14
9 10
5 13
1 0
11 4
16 5
6 0
9 9
15 9
9 17
4 4
0 14
7 1
18 5
7 11
2 1
10 0
12 3
10 14
0 8
2 12
6 11
3 18
6 17
9 14
14 9
17 13
16 14
11 13
18 14
9 1
1 13
1 4
16 1
6 9
6 12
1 8
11 14
6 16
10 10
12 17
2 6
13 17
12 8
1 5
7 17
14 18
12 4
17 0
14 17
18 11
7 9
8 14
9 11
18 8
5 4
4 1
3 15
11 12
16 2
17 9
0 2
11 7
11 1
7 0
7 15
13 8
11 15
1 2
12 2
4 9
11 17
2 9
1 15
16 12
17 7
16 9
3 14
13 9
13 12
9 16
5 10
1 6
12 11
6 8
18 3
17 18
6 14
8 2
3 16
0 17
18 9
16 4
13 18
3 3
1 11
10 2
10 13
10 15
9 12
10 16
8 1
17 16
17 6
14 3
10 18
13 7
2 8
7 10
15 14
0 18
12 7
7 16
9 4
3 11
18 0
5 9
11 18
6 15
2 15
3 12
14 2
14 6
2 17
18 1
14 14
5 14
2 14
12 6
1 3
3 9
2 7
5 15
11 11
12 14
14 12
15 1
7 8
4 17
9 15
7 14
6 5
5 8
7 2
0 0
8 18
5 2
7 12
18 18
9 5
4 3
16 15
14 13
4 0
7 6
10 5
9 3
0 9
18 6
15 8
15 13
13 3
11 0
16 6
1 17
5 12
5 11
8 7
1 12
16 11
15 6
3 17
9 8
0 12
3 4
4 8
10 8
4 15
17 14
8 12
1 1
2 5
15 5
3 13
6 2
0 6
16 17
7 5
11 5
14 15
3 0
14 5
2 4
17 3
0 5
13 6
9 13
4 7
13 13
0 7
13 15
15 18
6 18
13 5
17 2
5 7
6 13
16 8
11 2
18 15
18 13
8 0
7 3
16 13
11 8
5 17
1 9
8 13
18 16
14 10
3 8
1 14
13 0
10 12
6 3
9 0
13 11
3 7
15 15
3 6
6 10
10 6
8 11
3 10
6 7
7 7
13 16
2 16
2 3
4 5
5 6
0 11
7 4
15 12
8 6
15 16
12 16
10 7
2 10
4 11
10 4
13 4
18 4
14 7
17 4
9 18
6 4
4 18
4 16
12 15
12 13
8 16
18 2
4 6
7 13
0 10
5 3
17 11
14 11
14 8
17 5
1 16
6 1
12 18
8 15
5 16
2 13
15 7
17 10
12 5
4 12
0 13
16 18
17 15
11 10
0 15
16 16
5 0
18 10
9 6
17 17
0 1
17 8
8 8
10 11
4 10
15 2
14 4
14 16
6 6
16 10
9 2
8 3
9 7
13 10
3 1
