15 79 1469
10000100000010
10000100000010
10000100000010
10000100000010
11000100000010
11000000000010
11000000000010
11000000000010
11000000000010
11100000000000
11100000000000
11100000000000
11100000001000
01100000001000
01100000001000
000000000000000
000000000000000
000000000000000
000000000000000
000000000000001
000000000000000
000000000000000
000000000000000
000000000000000
000000000000000
000000000000000
000000000000000
000001111110000
000000000000000
12 9
5 1
5 3
13 7
12 11
2 1
2 4
0 7
1 11
12 5
5 0
10 14
1 3
2 12
5 5
6 1
9 14
14 7
0 4
10 13
12 0
11 0
7 1
13 9
9 10
5 12
4 11
12 14
10 0
3 9
8 11
0 6
3 12
2 6
6 12
7 7
7 3
14 4
14 13
1 8
11 2
4 9
14 11
11 4
9 3
8 13
2 13
4 13
1 6
13 2
1 9
1 2
7 8
9 2
13 3
12 12
13 5
7 6
11 6
14 12
5 2
11 1
6 8
6 14
6 9
4 3
11 5
12 10
10 10
9 9
9 1
14 1
5 13
0 9
8 8
1 12
4 7
12 8
4 12
