18 257 7596
00000000000000000
00000000000000000
00000000000000000
00000000000000000
00000000000000000
00000000000000000
00000000000000000
00000000000000000
00000000000000000
00000000000000000
00000000000000000
00000000000000000
00000000000000000
00000000100000000
00000000100000000
00000000100000000
00000000100000000
00000000100000000
000000000000000000
000000000000000000
000000000000000000
000000000000000000
000000000000000000
000000000000000000
000000000000000000
000000000000000000
000000000000000000
000000000000000000
000000111111111111
001111111111111111
000000000000000000
000000000000000000
000000000000000000
000000000000000000
000000000000000000
16 13
15 7
2 12
4 5
15 5
1 9
10 11
1 17
13 7
9 6
13 12
8 6
12 13
4 2
14 14
12 8
1 1
15 13
2 3
1 4
13 0
7 5
4 16
11 4
8 16
17 16
8 13
6 4
14 3
10 4
1 12
12 9
10 17
5 0
9 3
0 17
7 9
4 13
16 10
16 1
5 14
9 13
7 2
3 13
14 7
8 1
12 3
11 14
11 2
6 2
12 15
12 14
7 12
4 0
13 5
11 15
6 13
17 8
13 10
1 15
10 16
3 0
7 10
4 3
12 12
7 11
10 7
12 6
6 1
8 8
11 16
1 16
11 17
3 9
15 14
15 8
9 1
2 1
7 3
0 13
11 0
17 5
13 8
12 1
2 7
12 2
17 6
2 17
10 3
2 6
6 3
16 2
6 0
13 9
10 5
4 9
11 6
1 5
2 5
8 12
7 14
9 10
6 10
13 13
15 1
3 5
3 14
16 17
5 17
6 11
4 12
2 13
14 0
6 17
0 10
1 13
4 8
0 7
15 15
2 15
9 16
10 0
0 5
9 14
1 10
8 11
5 8
15 12
12 11
0 2
12 4
6 12
12 5
17 11
7 7
1 7
14 17
5 4
14 15
10 14
4 10
11 8
16 16
10 15
6 8
2 4
8 4
5 12
17 4
14 9
6 14
8 3
5 6
16 7
7 16
1 2
14 1
13 3
17 17
14 8
7 6
16 0
0 8
9 7
13 2
16 11
4 4
13 4
8 17
9 12
8 15
4 14
7 15
0 1
2 16
9 17
10 1
13 1
8 9
3 10
8 2
1 14
4 7
14 2
6 15
3 7
5 15
5 10
3 16
13 14
6 7
6 16
12 10
4 11
14 16
4 6
2 2
2 14
11 12
16 4
15 9
15 10
16 12
7 4
16 5
6 6
2 10
7 1
17 3
13 11
10 8
8 14
3 3
11 11
14 10
11 1
16 15
11 9
17 13
0 0
0 14
8 10
13 15
15 3
2 9
7 13
6 9
17 0
9 0
17 10
11 7
9 9
16 8
0 15
3 1
4 1
5 2
15 2
3 4
1 3
17 1
5 7
15 11
2 8
5 11
15 6
16 6
4 17
0 6
9 11
0 12
9 8
8 7
1 8
10 2
17 2
9 5
