11 86 1709
0100001001
0100001001
0100001001
0100001001
0100001001
0100001001
0100101000
0100100000
0100000000
0100000000
0000000000
00000000000
00000000000
00000000000
00000000000
00000000000
00011110000
00000000000
00000000000
00000000011
00000111111
1 2
7 6
0 4
1 7
6 10
4 4
6 7
1 8
4 0
8 9
10 1
1 6
7 3
10 4
4 3
7 8
4 2
7 5
4 5
9 1
8 2
0 6
4 1
8 8
1 1
1 4
2 4
8 4
3 4
9 2
2 7
0 3
5 9
4 10
9 8
9 5
6 1
0 0
3 7
3 1
7 1
5 8
1 3
10 2
9 7
0 7
3 6
2 1
4 9
4 6
7 0
3 10
4 8
3 2
10 5
6 5
5 7
10 6
9 3
3 0
2 6
2 10
8 1
2 0
1 5
0 9
5 3
6 6
10 8
6 4
1 9
2 2
8 5
8 7
6 0
8 10
7 4
10 3
10 7
5 5
3 5
6 2
5 6
4 7
2 3
3 9
