15 54 1120
00010000000000
00000000000000
00000000000000
00000000000100
00000000000100
00000000000100
00000000000100
00000000000100
00000000000100
10000000000100
10000000000000
10000000001000
10000000001000
10000000001000
10000000000000
000000000000000
000011111111111
000000000000000
000000000000000
000000000000000
000000000000000
000000011111111
000000000000000
000000001111001
000000000000000
000111111111111
011111110000000
000000000000000
000000000000000
10 10
4 4
0 1
13 12
7 7
11 4
10 7
6 0
10 8
10 4
10 3
6 6
2 6
13 11
2 4
10 11
2 3
9 12
3 12
5 6
11 9
10 13
13 4
8 1
4 8
3 1
1 0
12 6
6 3
4 14
13 14
9 2
5 12
0 6
13 1
11 6
7 13
13 9
6 5
1 14
0 4
7 5
1 12
11 10
3 7
12 13
3 2
9 6
9 0
11 5
12 9
5 8
10 9
11 13
