19 156 6446
000000000000000000
000000001000000000
000000001000100000
000000001000100000
000000001000100000
000000000000100000
000000000000100000
000000000010000000
000000000010000000
000000000010000000
000000000010000000
000000000010000000
000000000010000000
000000000010000000
000000000010000000
000000000000000000
000000010000000000
000000010000001000
000000010000001001
1111111111111000000
0000000000000000000
0000000000011000000
0000000000000000000
0001111110000000000
0000000000000000000
1111111111111111110
0000000000000000000
0000000000000000000
0000000000000000000
0000000000000000000
0000000000000000000
0000000000000000000
0000000000000000000
0000000000000000000
0000000000000000000
0000000000000000000
0000000000000000000
15 8
16 13
4 17
10 3
4 13
1 9
15 4
12 15
7 2
4 0
6 13
2 18
9 0
11 10
1 3
9 6
6 9
14 0
18 12
7 6
14 5
15 14
17 1
8 7
2 9
5 14
11 17
10 7
14 10
10 10
8 11
9 15
3 5
14 1
3 14
1 18
1 0
1 1
0 12
8 18
14 3
11 7
0 2
14 14
17 8
8 0
2 7
10 8
1 5
9 10
14 18
18 2
6 10
6 5
16 6
6 11
0 3
3 15
6 12
11 9
11 1
18 13
17 2
9 16
5 4
11 13
11 8
2 8
13 3
2 14
0 0
2 6
10 6
1 17
6 17
10 18
1 12
8 5
3 16
3 3
0 7
9 5
16 7
2 12
10 12
8 8
15 1
9 18
6 7
12 0
7 11
6 4
1 15
12 14
4 18
10 16
11 16
12 17
5 5
10 4
3 9
5 6
18 10
10 15
13 1
7 8
13 6
6 14
6 6
6 8
7 14
3 4
17 9
1 4
4 15
6 1
18 9
8 9
12 10
3 13
12 9
7 9
9 2
17 10
10 9
7 13
14 12
4 5
12 5
15 17
18 15
2 3
6 0
10 2
5 7
13 8
2 11
17 11
14 15
16 2
1 7
5 13
17 16
16 18
0 1
17 17
11 12
16 3
0 18
8 2
15 13
17 6
3 0
13 11
1 11
1 8
