13 43 1078
000000010000
000000010000
000000010000
000100010001
000100010001
000100010001
000100010001
000100010001
000101010001
000101010001
000101010001
000101000001
000001000001
0000000001111
0000000000000
0000000000000
0000000000000
0000000000000
0000000000000
0000000000000
0000000000000
0000000000000
0000000000000
0000000000000
1111100000000
6 0
5 11
3 9
6 4
1 4
8 12
0 11
12 4
3 1
5 1
8 3
7 9
6 8
4 8
7 4
7 12
11 6
0 10
3 11
2 12
11 2
0 0
9 3
2 9
11 4
10 0
0 7
1 9
9 7
8 6
2 8
12 6
7 3
10 10
3 7
1 12
5 9
12 3
9 6
9 12
9 11
0 3
7 5
