12 91 1236
00000000100
00000000100
00000000100
00000000100
00000000100
00000000100
00000000100
00000000000
00000000000
00000000000
00000000000
00000000000
000000000000
000000000000
000000000000
000000000000
000000000000
000000000000
000000000000
000000000000
000000000000
000000000000
000000000000
1 6
1 0
7 5
9 0
2 11
5 7
9 10
11 9
10 1
3 0
1 5
9 11
3 11
7 9
11 5
0 11
4 3
1 7
2 2
0 7
3 3
2 10
1 9
1 1
2 4
5 6
1 3
4 0
10 0
2 9
10 11
4 4
7 4
9 3
3 10
5 5
2 5
6 7
6 1
11 4
3 9
4 5
8 10
1 2
2 8
6 3
7 6
10 3
11 3
6 9
2 1
6 5
8 7
11 7
7 10
6 6
8 5
5 0
9 2
5 3
9 8
8 6
7 7
11 8
10 6
10 10
7 1
10 9
0 9
5 10
7 3
10 5
0 5
0 6
5 8
6 2
10 4
9 4
1 10
7 2
8 1
8 0
4 9
3 5
8 3
0 10
2 0
9 1
5 1
4 10
6 11
