13 81 803
000000000000
000000000000
000000000000
000000000000
000000000000
000000000000
000000000000
000000000000
000000000000
000000000000
000000000000
000000000000
000000000000
0000000000000
0000000000000
0000000000000
0000000000000
0000000000000
0000000000000
0000000000000
0000000000000
0000000000000
0000000000000
0000000000000
0000000000000
4 10
4 0
5 0
10 12
7 1
1 1
12 6
1 3
5 12
10 2
3 11
2 10
8 11
9 7
2 2
11 10
8 6
8 4
6 1
10 6
4 9
9 10
0 7
11 7
11 8
8 12
0 5
7 10
7 8
5 2
6 6
12 10
12 3
4 1
7 9
5 10
2 3
6 7
0 2
11 3
9 12
6 10
4 4
10 11
3 1
8 9
4 6
12 9
1 8
4 2
8 7
10 0
9 4
2 8
10 7
7 3
12 1
3 5
1 7
11 6
8 5
10 1
0 3
5 8
8 3
4 12
2 1
5 9
6 5
3 9
7 0
7 12
10 10
3 2
2 6
11 0
2 11
4 11
7 4
2 12
11 5
