17 101 2956
0000000000000000
0000000000000000
0000000000000000
0000000000000000
0000000000000000
0000000000000000
0000000000000000
0000000000000000
0000000000000000
0000100000000000
0000100000000000
0000100000000000
0000100000000000
0000100000000000
0000100000000000
0000100000000000
0000100000000000
00000000000000000
11111111111111100
00000000000000000
00000000000000000
00000001111111111
00000000000000000
00000000000000000
00000000000000000
00000000000000000
00000000000000000
00000000000000000
00000000000000000
00000000000000000
00000000000000000
00000000000000000
00000000000000000
1 15
4 10
11 5
6 1
13 0
4 2
12 16
6 16
3 5
14 9
14 12
3 13
8 16
5 6
15 3
3 9
6 7
2 8
16 8
9 3
5 9
5 14
9 9
1 13
16 15
14 2
15 2
16 0
13 11
11 11
11 1
15 8
16 13
13 4
2 15
0 2
16 9
6 14
11 10
9 16
0 1
3 14
13 12
3 8
8 1
7 10
10 9
1 5
1 0
16 2
14 16
0 0
9 1
4 3
13 7
14 15
12 8
5 1
15 15
9 11
12 3
4 5
16 7
11 12
5 5
13 1
4 1
16 10
13 13
0 13
14 0
10 3
2 6
15 6
5 12
9 14
10 15
2 4
8 9
10 8
13 8
14 14
15 10
7 5
11 3
13 5
5 16
5 2
11 2
14 6
9 15
5 13
8 10
3 11
15 12
16 11
1 6
8 8
15 5
13 3
1 3
