13 58 715
000000000000
000000000000
000000000000
000000000000
000000000000
000000000000
000000000000
000000000000
000000000000
000000000000
000000000000
000000000000
000000000000
0000000000000
0000000000000
0000000000000
0000000000000
0000000000000
0000000000000
0000000000000
0000011111111
0000000000000
0000000000000
0000000000000
0000000000000
7 11
8 12
8 11
1 6
12 0
5 6
6 0
5 0
0 2
6 2
10 8
7 9
11 0
5 8
12 5
2 8
5 5
3 10
10 9
2 1
11 11
12 2
8 7
6 3
11 8
4 2
5 11
9 5
2 10
10 10
0 0
12 9
6 1
0 8
6 9
3 5
3 9
9 1
0 4
1 4
2 9
8 10
5 10
1 2
9 3
10 0
6 5
10 1
3 1
1 1
0 5
6 7
8 2
8 9
9 10
3 12
11 5
2 11
