13 40 978
000000000000
000000000000
000000000000
000000000000
000001000000
000000000000
000000000000
000000000000
000000000000
000000000000
000000000000
000000000000
000000000000
0000000000000
0000000000000
0000000000000
0000000000000
0011111111111
1111111111000
0000000000011
1111100000000
0000000000000
1111111111110
0000000000000
1111111111000
4 10
3 5
9 6
5 4
1 8
4 2
10 6
0 11
4 9
10 8
7 4
11 9
12 0
3 10
8 8
0 2
12 5
4 6
7 5
9 2
6 9
7 2
12 2
10 1
0 1
4 0
0 3
10 0
11 6
6 6
1 2
9 5
4 8
0 10
6 3
3 6
5 1
4 12
1 3
0 7
