15 142 2669
00000000001000
00000000001000
00010000001000
00010000001000
00010000001000
00010000001000
00010000001000
00010000001000
00010000001000
00010000001000
00000000001000
00000000000000
00000000000000
00000000000000
00000000000000
000000000000000
111111110000000
000000000000000
000000000000000
000000000000000
000000001110000
000000000000000
000000000000000
000000000000000
000000000110111
000000000000000
000000000000000
000000000000000
100000000000000
8 10
3 1
8 12
6 13
4 5
7 2
3 9
7 12
14 8
13 5
2 6
1 8
13 0
9 5
4 3
2 7
6 11
6 10
11 4
0 10
8 7
0 7
4 8
8 4
3 12
11 5
9 7
14 0
9 14
12 3
10 5
0 14
0 5
8 6
12 2
10 13
4 13
10 9
5 1
4 10
7 14
2 0
7 3
11 8
10 11
11 10
2 3
1 10
6 0
11 13
13 2
4 4
1 12
0 2
0 8
0 3
2 1
13 4
11 14
9 8
1 6
0 12
8 0
5 4
4 9
1 5
8 11
6 7
10 0
12 12
3 5
13 8
12 10
1 3
14 3
3 14
14 4
13 10
2 8
0 13
14 2
12 0
4 6
1 0
12 9
10 2
0 0
3 0
3 7
1 13
12 1
1 11
5 6
2 10
4 2
9 11
13 9
8 8
3 13
8 3
2 2
11 3
1 9
4 14
6 1
2 13
0 6
9 4
7 7
8 9
2 4
10 10
13 13
14 1
14 7
10 7
6 2
9 1
1 7
7 0
11 7
5 8
7 4
10 4
3 8
8 14
14 5
9 12
4 7
7 9
14 9
14 13
9 10
10 6
9 13
12 4
5 11
5 13
13 3
6 9
6 3
13 12
