14 108 3132
1010100001110
1010100000110
1010100000100
1010100000000
1010100000000
0010100000000
0010100000000
0010100010000
0010101010000
0010001010000
0000001010000
0000000000000
0000000000000
0000000000000
00000000000010
00000000000000
00000000000000
00001000000000
00000000000000
00000000000000
00000000000000
00000000000001
00000000000000
00000000000000
11111111111110
00000000000000
00000000000000
6 9
7 3
3 0
6 4
0 11
13 8
12 2
6 10
8 7
0 4
9 1
3 10
6 13
11 2
5 0
4 11
13 2
6 6
13 1
9 7
2 1
2 11
9 11
6 3
4 2
4 3
10 13
9 10
7 4
8 6
2 8
2 13
4 12
13 4
12 4
11 0
10 5
7 7
11 10
10 0
3 4
13 12
13 5
1 9
10 4
8 1
9 9
5 10
13 9
7 8
10 9
4 5
2 4
4 9
1 6
0 3
0 10
6 1
12 0
9 4
11 6
0 6
1 7
5 1
12 6
6 8
10 6
2 7
13 10
4 6
3 6
5 8
7 0
6 2
0 13
3 3
3 2
9 0
9 3
12 10
1 8
12 12
7 6
8 9
10 3
9 5
12 1
1 12
8 2
7 2
6 12
1 11
9 8
9 13
8 12
5 6
11 7
0 12
4 13
0 1
12 11
7 9
12 9
10 2
0 0
0 2
3 7
3 9
