12 134 2133
00000000000
00000000000
00000000000
00000000000
00000010000
00000010000
00000010000
00000010000
00000010000
00000010000
00000010000
00100010000
000000000000
000000000000
000000011111
000000000000
000000000000
000000000000
000000000000
000000011100
000000000000
000000001111
000000000000
8 4
2 10
11 2
7 9
2 9
0 8
7 8
9 11
5 3
6 4
4 6
3 0
10 2
10 11
9 8
6 7
1 6
7 1
9 4
7 5
9 10
11 6
9 3
6 8
4 5
11 8
7 11
1 10
4 4
8 7
6 11
7 10
9 5
10 5
10 0
5 8
0 5
11 5
9 9
10 4
10 6
5 4
5 2
8 0
1 0
0 6
2 1
5 9
11 10
0 2
2 11
6 6
11 3
5 7
11 4
2 7
6 1
1 11
1 1
3 4
8 1
2 3
1 4
5 1
3 2
5 10
11 11
6 2
10 1
8 6
0 1
1 9
7 7
7 0
11 9
9 6
10 7
3 9
1 2
2 6
8 5
4 3
8 8
2 4
4 9
3 5
8 3
3 11
8 10
10 8
0 0
5 5
1 7
4 7
0 4
4 10
10 3
6 10
11 0
10 9
3 8
1 3
2 0
7 2
6 9
3 6
3 7
0 9
11 7
9 7
9 2
11 1
7 6
4 2
4 8
7 4
8 2
1 5
10 10
3 3
2 8
6 5
7 3
9 1
6 3
4 11
0 11
8 9
1 8
0 7
4 0
5 0
0 3
2 5
