16 23 478
000001000000000
000001000000000
000001000000000
000001000000000
000101000000000
000101000000000
000101000000000
000101000000000
000101000000000
000101000000000
000001000000000
000001000001000
000001000001010
000000000001010
000000000000010
000000000000010
0001110000000000
0000000000000000
0000000000000000
1111100000000111
1000001111110000
0000000000000000
0000000000000000
0000000000000001
0000000000000000
0000000000000000
0000000000000000
0000000000000000
0000000000000000
0011111111111100
0000000000000000
0 4
8 10
0 5
1 9
15 13
6 3
5 5
14 10
1 8
10 0
6 11
11 8
6 12
14 5
11 12
10 6
14 13
15 0
11 1
3 2
11 13
4 11
2 11
