15 213 3551
00000001001000
00000001001000
00000001000000
00000001000000
00000001000000
00000001000100
00000001000100
00000001000100
00000001000101
00000001000101
00000001000001
00000000000000
00000010001000
00000010000000
00000010000000
000000000000000
000111111100111
000000000000000
000000000000000
000000000111111
000000000000000
000000000000000
000000000000000
000000000000000
000000001000000
000000000000111
000000011110000
000000000001110
000000000000000
6 7
2 4
4 5
6 8
11 13
12 5
10 12
12 11
0 7
3 0
1 4
6 11
11 9
7 0
7 11
10 11
8 2
10 14
1 2
13 10
3 10
10 4
0 5
4 6
0 2
8 5
5 8
0 11
5 14
4 7
2 0
11 5
14 10
1 13
10 13
12 8
12 7
9 5
10 2
8 4
10 10
5 12
10 9
8 11
8 9
3 1
4 13
7 10
1 9
8 10
4 11
12 12
5 6
11 2
6 10
11 6
6 4
2 14
6 1
1 3
12 6
4 9
9 0
11 10
2 12
2 6
4 4
6 12
4 14
6 5
11 4
7 5
9 8
2 2
7 12
3 7
3 6
8 8
7 7
12 10
14 7
4 2
14 1
5 7
2 3
14 6
8 0
13 8
2 7
10 5
10 3
1 1
1 7
11 3
5 11
9 12
0 14
1 8
9 6
9 11
13 4
14 8
3 11
2 11
8 12
2 5
4 0
14 11
13 5
3 5
14 9
8 1
0 12
6 2
5 4
0 3
2 10
10 7
4 1
0 8
13 0
7 9
13 11
2 9
3 13
9 7
9 9
0 9
2 13
12 9
7 1
9 4
5 10
1 10
3 12
8 14
14 5
6 6
1 14
12 3
5 1
1 6
1 11
8 7
9 13
7 8
4 10
11 0
7 6
13 9
14 2
6 13
13 3
14 4
13 1
13 2
3 9
12 0
13 6
14 13
4 3
2 8
8 3
3 14
13 7
11 14
0 10
7 3
5 2
0 0
5 0
10 8
6 14
7 13
11 11
13 13
0 4
9 3
3 8
1 5
12 1
5 3
5 13
13 12
4 12
2 1
0 13
12 13
6 9
8 6
8 13
0 1
9 2
14 3
9 1
12 14
7 4
14 12
1 12
12 4
6 0
11 12
11 1
7 2
0 6
5 9
1 0
13 14
10 0
3 3
14 0
7 14
6 3
