16 212 7601
000100000000001
000100000000001
000110000000001
000110000000001
000110000000001
000110000000001
000110100000001
000010100000001
000010100000001
000010100000001
000010100000000
000010100000000
000010100000000
000110100000000
000110100000000
000110100000000
0000000000000000
0000000000001110
0000000000000000
0000000000000000
0000000000000000
0000000000000000
0000000000000000
0000000000000000
0000000111101110
0000000000000000
0000000000111111
0000000111111100
0001000000000000
0000000000000000
0001000000000000
2 13
7 8
14 10
4 7
14 5
12 13
10 5
6 2
1 4
10 8
2 0
8 14
3 15
4 2
3 10
10 15
4 4
1 12
11 12
14 9
10 9
13 6
3 6
13 7
7 11
7 6
0 12
2 4
8 2
8 11
6 5
9 14
12 9
10 14
3 13
10 13
11 4
9 5
14 0
10 4
13 12
8 12
13 13
4 15
5 6
3 0
5 8
14 4
14 13
9 13
15 2
2 1
0 7
15 9
13 15
11 13
1 7
6 1
12 15
1 13
9 9
6 12
1 5
11 1
9 6
6 8
0 15
4 14
0 9
3 4
12 7
2 8
14 2
1 0
14 8
11 11
15 13
5 15
9 11
7 7
0 0
10 2
14 3
4 1
7 9
14 12
15 6
8 6
7 3
12 8
11 15
12 12
0 1
5 10
15 3
0 13
9 12
11 2
0 10
12 11
1 11
2 6
7 10
0 6
6 11
7 4
2 3
5 11
15 11
4 12
6 13
6 14
14 7
12 5
11 7
3 12
6 6
1 3
12 1
4 10
7 1
11 14
5 5
0 4
1 1
7 13
10 11
13 14
1 10
0 8
14 15
5 13
12 0
10 6
8 3
4 6
14 11
3 11
0 14
8 10
1 8
7 12
15 15
5 3
8 13
4 9
6 0
5 14
15 12
13 3
6 7
9 0
11 9
1 2
14 14
5 7
9 15
13 4
7 0
15 10
8 1
8 15
0 2
11 0
11 10
9 4
15 0
9 8
14 6
15 14
13 9
4 3
7 2
2 15
12 4
6 3
2 2
6 4
9 2
12 3
13 2
8 4
2 5
2 7
12 2
8 5
7 15
15 8
11 6
8 7
12 6
3 14
10 3
10 10
0 3
15 1
1 9
9 1
8 9
5 12
4 0
4 11
2 10
11 5
3 9
3 3
4 5
1 6
0 5
9 10
12 10
13 8
