14 89 1875
1001000000010
1000000000010
1000000000000
1000000000000
1000000000000
1000000000000
1000000000000
0000000000000
0000000000000
0000000000000
0000000001000
0000000000000
0000000000000
0000000000000
00000000000000
00000000000000
00000000000000
00000000000000
00000000000000
00000000000000
00000000000000
00000000000000
00000000000000
01111111111111
00000000000000
00000000000000
00000000000000
7 10
10 7
8 1
7 13
0 12
12 5
13 0
4 1
11 9
4 5
1 6
6 6
3 10
1 1
2 10
8 11
5 4
3 13
4 0
8 4
3 11
13 4
2 9
6 13
9 3
4 10
3 1
2 4
1 5
5 3
3 2
7 2
3 3
7 1
0 13
13 8
2 12
6 9
9 4
4 2
9 8
3 4
10 8
13 6
12 7
6 12
7 3
0 5
6 11
8 13
1 10
7 4
5 0
2 3
10 4
5 12
11 10
1 7
7 12
2 6
11 11
1 12
11 3
4 4
13 1
2 0
8 0
2 1
0 9
9 12
12 10
0 0
3 8
11 2
1 8
9 11
7 5
10 6
6 5
1 4
5 6
0 1
8 12
10 13
10 3
0 8
10 12
5 7
9 5
