20 238 5618
0000000000000100000
0000100000000000000
0000100001000000000
0000100001000000000
0000100001000000001
0000000001000000001
0000000001000000001
0000000001000000000
0000000000000001100
0000000000000001100
0000000000000001100
0000000000000001000
0000000000000000000
0000000000000000000
0000000000000000000
0000000000000000000
0000000000000000000
0000000000000000000
0000000000000000000
0000000000000000000
00000000000000000000
00000000000000000000
00000000000000000000
00000000000000111111
11111110000000000000
00000000000000000000
11111110000000000000
00000000111111111111
00000000000000000000
00000000000000000000
00000000000000000000
00000000000000000000
00000000000000000000
00000000000000000000
00000000000000000000
00000000000000000000
00000000000000000000
00000000000000000000
00000000000000000000
3 5
8 18
10 9
0 10
15 17
1 15
6 8
10 14
9 1
16 15
5 10
5 16
10 19
19 4
17 3
19 15
9 11
14 18
15 16
1 3
16 1
8 11
9 13
16 9
19 8
6 9
13 15
13 9
7 14
9 17
13 12
4 8
15 9
2 1
18 2
4 9
2 14
15 4
3 0
3 16
1 14
17 9
17 2
2 9
18 3
6 12
8 0
3 17
8 8
17 12
1 6
13 11
12 11
10 1
13 13
13 18
11 7
4 2
11 12
12 7
13 3
18 6
8 7
13 1
7 19
5 2
14 19
9 14
18 13
1 9
11 11
12 4
16 4
0 18
1 0
10 6
19 12
1 5
11 9
15 12
7 10
15 11
0 1
13 8
3 11
6 0
1 19
4 6
4 3
10 12
1 17
6 19
16 6
18 8
2 6
16 10
1 8
3 3
5 14
0 12
10 10
6 4
15 3
8 13
3 2
19 9
5 1
12 17
16 2
3 9
14 3
12 3
3 8
15 2
10 5
9 12
8 4
16 14
5 7
3 7
6 18
7 16
3 13
4 7
5 0
14 4
17 17
14 8
9 16
15 0
1 1
19 3
18 4
9 19
15 14
12 18
11 6
7 13
19 19
9 8
4 0
16 13
0 8
6 14
18 0
18 14
2 16
7 15
3 4
18 18
5 18
2 4
12 12
11 8
11 16
15 1
7 4
14 1
17 6
8 3
13 5
10 4
9 3
15 5
13 10
10 13
12 1
14 12
6 5
15 13
13 19
14 17
9 10
12 2
17 14
6 11
7 2
7 7
2 2
2 11
2 7
3 1
11 5
16 12
10 3
10 11
17 11
0 9
17 7
19 10
9 9
11 3
9 7
17 4
10 18
1 7
1 16
7 8
1 10
2 12
8 16
9 6
16 3
0 5
11 18
8 5
0 7
2 13
17 13
15 6
3 19
0 4
19 0
18 19
2 18
5 5
9 4
14 11
19 18
6 10
14 7
4 16
14 9
12 6
19 6
0 13
7 3
12 10
16 18
0 11
7 6
3 18
17 18
14 15
8 19
1 13
17 10
10 17
