14 24 580
0000000000000
0000000000000
0000000000000
0000000000000
0000000000000
0000000000000
0010000000000
1000000000000
0000000000000
0010000000000
0010000001000
0010000101000
0010000001000
0010000001000
00011111111111
00000000000000
00000000000000
00000000000000
00000000000000
00000000001111
01111111111111
00000000000000
00000000000000
00000000000000
00000001110000
00000000000000
00000000000000
2 7
12 11
9 12
10 7
10 11
11 12
6 13
4 7
7 6
0 11
11 13
5 10
10 0
8 10
2 2
9 13
8 0
12 8
3 2
0 5
13 6
2 4
1 4
13 0
