15 164 2803
00000000000000
00000000000000
00000000000000
00000000000000
00000000000000
00000000000000
00000000000000
00000000000000
00000000000000
00000000000000
00000000000000
00000000000000
00000000000000
00000100000000
00000100000000
000000000000000
000000000000000
000000000000000
000000000000000
000000000000000
000000000000000
000000000000000
000000000000000
000000000000000
000000000000000
000000000000000
000000000000000
000000000000000
000000000000000
7 13
7 11
2 7
11 0
7 2
1 3
6 7
14 7
1 6
14 10
11 10
11 1
4 6
2 2
0 6
8 14
12 5
9 5
5 0
1 5
1 10
12 13
13 6
4 14
4 11
12 1
1 4
3 9
0 2
12 10
0 10
5 14
14 13
4 13
9 1
7 8
8 13
11 11
8 7
7 4
11 9
12 3
11 3
5 3
1 1
6 5
12 0
10 6
12 11
6 13
14 6
7 14
8 5
0 9
3 11
8 1
13 0
3 4
10 14
5 8
14 9
14 5
2 11
1 8
11 5
11 8
6 0
9 8
8 3
0 7
4 4
13 9
9 0
6 3
7 0
9 10
6 12
1 12
10 8
6 2
2 1
5 9
10 4
13 4
2 12
10 11
0 5
3 3
14 4
1 13
1 2
9 3
0 0
11 4
7 3
13 1
12 6
12 8
8 4
1 11
6 14
13 5
10 2
5 4
10 9
13 7
4 0
2 6
3 14
10 0
12 14
10 5
8 0
9 2
5 5
0 1
8 12
3 12
8 9
6 4
6 10
7 9
13 12
11 6
12 2
5 2
12 4
10 13
14 0
9 12
9 7
12 7
7 1
4 8
0 4
2 8
0 3
1 0
3 1
10 1
14 3
7 6
4 10
3 7
14 2
0 14
2 0
4 9
13 3
2 10
14 12
5 10
12 9
6 8
1 9
6 1
11 12
2 4
13 14
4 1
1 14
14 1
5 12
13 13
