18 135 1524
00000000000000000
00000000000000000
00000000000000000
00000000000000000
00000000000000000
00000000000000000
00000000000000000
00000000000000000
00000000000000000
00000000000000000
00000000000000000
00000000000000000
00000000000000000
00000000000000000
00000000000000000
00000000000000000
00000000000000000
00000000000000000
000000000000000000
000000000000000000
000000000000000000
000000000000000000
000000000000000000
000000000000000000
000000000000000000
000000000000000000
000000000000000000
000000000000000000
000000000000000000
000000000000000000
100000000000000000
000000000000000000
000000000000000000
000000000000111111
000000000000000000
12 9
11 10
5 4
0 10
8 2
15 5
7 3
7 6
16 2
15 6
11 7
2 7
13 16
0 12
5 9
5 7
0 0
14 1
8 9
10 17
5 14
14 14
5 1
10 13
13 6
14 2
15 8
13 1
11 17
6 4
16 14
9 8
15 0
10 12
9 5
0 8
2 15
5 13
8 8
10 1
8 11
12 5
1 7
9 6
5 15
4 8
9 2
7 11
12 11
3 14
8 3
8 5
13 2
13 13
9 9
2 13
9 3
6 8
7 1
5 11
7 13
13 9
0 16
6 14
16 7
11 1
6 11
0 11
16 17
1 2
3 5
2 6
11 15
17 7
8 16
12 4
6 3
7 5
1 3
1 11
3 16
3 1
5 12
17 9
7 7
0 17
12 1
15 4
4 14
8 4
1 16
13 17
12 0
4 6
17 1
10 6
17 3
9 0
5 10
11 2
15 11
17 13
10 0
1 8
14 6
15 2
0 5
17 11
15 3
7 8
0 9
9 17
6 9
15 12
8 7
12 7
14 0
16 5
2 5
1 10
10 11
7 12
5 6
3 6
3 2
2 3
5 5
8 13
15 10
4 11
12 6
4 7
11 12
6 13
10 10
