15 70 2044
10100000000101
10100000000101
10100000000000
10100000000000
10100000000000
10100010000000
10100010000000
10100010000000
10000010000000
10000000000000
10000000000000
10000000000000
00000000001000
00000000001000
00000000001000
000000000000000
000111111100000
000000000000000
000000000000000
000011111111111
000000000000000
000000000000000
000000000000000
000000000000000
000000000000000
001111111111111
000001111110000
000000000000000
000000000000000
5 13
6 1
2 1
10 13
4 14
5 7
6 6
7 4
4 7
7 10
14 4
4 9
4 10
13 13
11 6
3 1
14 11
1 13
12 4
1 1
13 6
3 0
14 12
8 5
11 1
6 9
0 11
11 0
8 12
13 2
13 3
13 8
11 7
12 2
0 4
1 3
10 10
0 13
5 2
2 9
0 5
12 11
1 7
7 9
1 6
3 8
10 11
3 14
8 9
9 1
13 0
3 11
12 7
13 9
9 3
9 13
5 4
0 1
13 14
11 12
7 1
4 5
2 14
9 2
6 10
8 3
8 7
12 9
11 3
14 0
