15 148 2527
00000000000000
00000000000000
00000000000000
00000000000000
00000000000000
00000000000000
00000000000000
00000000000000
00000000000000
00000000000000
00000000000000
00000000000000
00000000000000
00000000000000
00000000000000
000000000000000
000000000000000
000000000000000
000000001111111
000000000000000
111111111111000
000000000000000
000000000000000
000000000000000
000000000000000
000000000000000
000000000000000
000000000000000
000000000000000
13 4
8 9
7 5
2 5
9 2
14 10
3 0
8 5
10 8
7 7
10 2
4 10
8 7
5 0
4 5
1 12
1 14
2 2
2 8
6 11
13 12
0 11
4 0
6 6
6 4
3 7
1 11
10 10
0 14
6 8
1 5
12 12
7 0
10 13
6 10
12 1
12 13
14 12
13 8
0 3
0 8
7 3
11 10
6 7
6 13
13 10
10 4
3 12
3 3
7 12
4 14
0 7
8 13
13 6
10 3
9 5
4 6
14 1
1 4
13 1
13 9
8 4
10 9
14 6
7 14
2 1
8 6
5 4
2 7
11 1
11 11
14 0
10 5
1 8
5 5
6 14
3 9
12 2
2 12
6 2
14 5
14 3
13 7
13 0
12 14
8 3
9 14
4 1
11 3
0 0
6 5
13 3
4 8
8 8
12 8
13 11
5 12
14 8
8 10
3 10
8 12
9 10
2 4
6 12
7 4
14 7
9 6
4 9
8 11
0 6
4 11
5 9
2 13
9 9
12 6
13 13
3 2
11 9
5 10
9 4
2 0
12 11
5 7
14 13
6 3
5 13
0 1
0 4
0 12
3 14
11 13
5 2
11 7
1 13
11 12
3 4
3 11
12 9
4 2
11 0
2 14
2 9
0 10
10 11
9 12
14 4
10 7
11 8
