13 82 900
000000000001
000000000001
000000000001
000000000001
000000000001
000000000001
000000000001
000000000001
000000000001
000000000001
000000000001
000000000000
000000000000
0000000000000
0000000000000
0000000000000
0000000000000
0000000000000
0000000000000
0000000000000
0000000000000
0000000000000
0000000000000
0000000000000
1111110000000
8 7
12 7
9 0
7 2
12 2
5 5
7 11
4 4
9 3
5 7
0 3
2 8
11 11
11 3
12 6
0 10
12 11
7 4
10 2
5 3
4 6
2 3
1 8
12 1
0 8
7 1
5 2
6 9
4 12
0 7
1 5
7 3
4 0
2 4
0 5
5 9
7 9
2 2
3 7
5 1
3 12
8 2
5 0
3 1
8 4
6 2
3 4
1 10
0 1
2 0
9 9
1 3
10 9
11 8
3 2
8 11
6 5
11 1
1 7
2 12
11 2
8 12
0 6
9 1
10 10
5 12
11 4
6 3
8 9
6 0
6 1
3 6
2 11
10 11
8 0
1 0
8 6
10 5
9 4
9 11
10 8
4 11
