15 203 3568
00000000001001
00000000001001
00000000001001
00000000001001
00000000001001
00000000001001
00000000001001
00000000000001
00000000000001
00000000000001
00000000000001
00000000000001
00000000000000
00000000000000
00000000000000
000000000000000
000000000000000
000000000000000
000000000000000
000000000000000
111111000000000
000000000000000
000000000000000
000000000000000
111111111000000
000000000000000
000000000000000
000000000000000
000000000000000
10 10
4 10
1 5
8 2
10 11
2 2
0 0
3 9
7 5
0 9
6 11
5 1
8 9
5 12
2 3
6 1
10 7
9 9
10 4
13 6
11 6
14 7
14 4
10 13
12 3
0 10
11 12
5 9
3 5
1 0
13 14
5 4
11 7
4 4
14 0
8 5
6 5
6 4
10 6
9 10
8 4
0 6
6 7
6 8
7 4
6 0
9 8
6 6
12 2
6 14
2 4
14 5
10 2
13 0
2 5
4 6
1 3
3 13
14 14
10 9
4 11
7 6
12 5
12 1
7 10
10 0
3 7
13 7
0 4
4 14
13 10
3 3
10 5
14 8
14 3
11 0
9 13
12 11
6 13
14 9
9 0
7 9
13 4
1 2
11 10
2 8
11 3
11 9
13 2
12 7
1 6
12 8
0 2
11 11
14 13
5 11
10 8
6 3
10 1
1 9
7 2
14 10
11 1
8 11
0 1
4 12
14 12
9 5
5 5
11 5
10 3
0 8
7 12
9 6
2 12
12 14
4 3
5 0
11 14
9 1
5 6
10 12
0 14
12 9
8 10
11 8
0 11
12 6
1 1
12 13
2 13
5 10
0 13
7 3
13 11
14 6
7 0
9 4
5 2
4 8
6 9
9 12
8 14
13 5
0 7
13 12
3 11
4 13
8 3
2 7
7 7
3 0
1 8
0 5
12 4
4 7
2 6
1 13
3 12
13 8
1 11
8 1
3 2
7 13
13 1
1 7
7 1
4 0
8 8
5 8
4 9
1 4
12 0
3 1
9 3
1 12
2 9
5 3
9 7
14 2
5 7
3 8
11 4
2 11
10 14
1 14
3 4
6 2
11 2
8 13
2 14
13 13
0 3
6 10
4 1
4 2
8 0
7 11
2 0
5 14
13 9
2 10
9 2
