20 373 8887
0000000000000000000
0000000000000000000
0000000000000000000
0000000000000000000
0000000000010000000
0000000000010000000
0000000000010000000
0000000000010000000
0000000000010000000
0000000000010000000
0000000000010000000
0000000000010000100
0000000000000000100
0000000000000000100
0000000000000000100
0000000000000000100
0000000000000000100
0000000000000000100
0000000000000000100
0000000000000000100
00000000000000000000
00000000000000000000
00000000000000000000
00000000000000000000
00000000000000000000
00000000000000000000
00000000000000000000
11111111100000000000
00000000000000000000
00000000000000000000
00000000000000000000
11111111111111100000
00000000000000000000
00000000000000000000
00000000000000000000
00000000000000000000
00000000000000000000
00000000000000000000
00000000000000000000
14 9
7 16
14 15
19 17
6 1
11 18
6 0
2 19
6 17
4 0
11 10
19 10
6 9
19 12
3 5
3 12
9 0
15 10
12 14
6 14
4 12
1 3
19 8
8 17
17 19
0 8
10 15
8 2
12 1
2 18
1 10
14 2
17 8
19 7
15 19
12 18
4 7
1 12
6 4
1 7
5 0
16 19
17 5
17 15
10 10
0 10
12 7
1 18
16 17
15 16
7 4
19 2
10 4
5 10
10 9
11 17
6 12
7 10
17 1
13 5
10 3
8 9
18 7
9 8
11 15
18 11
7 7
12 5
18 1
7 8
13 12
5 2
9 15
13 3
4 17
0 1
0 12
12 3
3 0
16 3
10 19
3 15
19 16
17 4
1 14
3 2
14 3
9 11
2 15
19 4
5 17
3 9
15 12
8 14
15 14
7 14
16 2
0 16
11 2
15 9
6 8
15 5
8 16
0 3
14 10
13 6
4 1
5 7
4 14
16 11
19 6
1 6
4 9
19 18
17 6
5 6
3 4
0 11
18 12
12 0
1 1
8 18
6 19
13 15
9 16
3 16
12 6
5 4
17 2
15 4
10 6
11 3
17 13
6 15
15 18
9 17
13 9
3 1
1 4
14 16
4 10
18 4
13 14
18 17
4 18
18 10
2 4
17 18
5 15
4 6
18 15
10 7
7 13
4 3
8 8
13 17
3 10
15 6
10 16
18 14
0 19
16 5
14 13
11 8
8 7
14 8
10 13
2 6
17 9
7 2
16 15
10 14
18 19
18 8
11 13
2 3
11 4
10 17
4 11
15 11
10 1
8 6
4 5
11 6
9 1
9 4
11 16
14 18
16 8
2 17
5 5
18 9
9 7
11 14
8 13
0 15
4 8
1 9
12 15
9 3
18 18
0 9
7 6
4 2
4 13
14 17
3 19
3 3
2 10
15 17
17 7
19 9
10 12
5 11
0 4
18 16
12 4
0 0
16 16
0 2
9 14
13 7
1 8
2 0
2 12
10 2
16 12
9 6
2 8
9 2
14 14
10 18
12 17
11 19
16 4
4 4
9 18
12 13
15 3
6 16
12 11
12 2
2 1
5 16
3 8
18 0
6 2
8 19
3 17
3 13
2 7
0 18
14 6
10 11
11 11
17 17
7 18
19 14
9 9
13 2
18 13
8 5
2 13
15 7
9 19
8 11
12 10
3 18
2 14
7 12
13 19
17 11
5 14
12 16
11 5
6 3
5 3
16 10
8 1
19 15
17 14
17 3
16 13
7 11
6 6
4 15
6 18
16 9
13 18
14 7
13 11
3 6
9 12
14 1
1 16
11 9
17 0
1 11
12 9
13 1
16 0
8 4
1 2
8 3
7 19
11 0
5 13
8 0
16 7
4 16
15 15
0 5
15 13
16 18
5 9
19 1
14 4
0 13
2 11
3 7
13 10
5 1
9 10
7 15
16 14
17 10
2 2
0 14
6 7
2 5
9 13
12 8
2 9
14 5
1 17
13 0
4 19
14 0
19 0
11 7
15 0
1 5
18 2
12 12
13 4
19 11
3 14
3 11
11 12
13 16
1 15
15 1
8 15
7 1
6 13
19 13
10 0
13 8
1 13
14 12
6 5
5 18
0 6
0 7
9 5
8 10
12 19
7 17
10 8
13 13
8 12
7 9
6 10
