12 78 1551
01000000000
01000000000
01000000000
01000000000
00000000001
01000000001
01000000001
00000000001
00000000001
00000001001
00000001001
00000001001
000000000000
000011111111
000000000000
000000000010
111100000000
000000000000
000000000000
111111000000
000000000010
000000000000
000000000000
5 10
2 6
4 3
1 0
4 7
9 11
2 1
5 6
5 2
10 3
1 7
9 5
9 1
3 9
10 4
4 0
0 6
5 1
2 3
9 2
4 4
2 5
9 6
11 8
6 8
5 5
1 6
4 1
11 3
6 9
1 3
3 4
8 10
7 0
8 7
1 11
0 0
8 5
7 3
4 9
6 3
2 10
9 0
11 10
0 1
11 5
10 11
3 0
8 1
6 6
6 5
6 4
6 1
8 0
5 4
9 3
3 2
7 11
7 10
2 11
10 1
10 8
2 2
6 0
3 3
11 2
4 2
5 11
10 2
8 11
1 5
1 2
10 9
11 6
7 5
0 3
10 6
4 5
