17 52 868
0000000000000000
0000000000000000
0000000000000000
0000000000000000
0000000000000000
0000000000000000
0000000000000100
0000000000000100
0000000000000100
0001000000000100
0001000000000100
0001000000000100
0001000000000100
0000000000000100
0000000000000100
0000000000000100
0000000000000100
00000000000000000
00000000000000000
00000000001111111
00000000000000000
00000000000000000
00000000000000000
00000000000000000
00000000000000000
11111100000000000
00000000000000000
11000000000000000
00001111111100000
00000000000000000
00000000000000001
00000011111111000
00000000000000000
11 7
16 7
15 11
15 15
6 2
11 8
7 8
6 8
8 7
4 3
16 9
12 7
10 1
16 14
0 2
2 5
7 14
12 10
0 9
16 4
4 8
13 6
12 12
3 0
6 0
7 15
15 8
7 9
11 16
8 16
6 14
3 3
9 9
14 1
6 5
5 11
12 1
16 12
1 8
13 12
4 10
0 4
15 4
12 9
11 3
15 0
4 9
13 15
7 5
3 10
11 9
3 6
