14 173 3548
0100100000000
0100100000000
0100000000000
0000000000000
0000000000000
0000000000000
0000000000000
0001000000000
0001000000000
0000000000000
0000000001000
0000000000000
0000000000000
0000000000000
00000000000000
00000000000000
00000000000000
01111111111111
00000000000000
01111111111111
11111111110000
00000000000000
00000000000000
11111110011111
00000011110000
00000000000000
00000000000000
8 9
11 9
13 6
9 4
1 7
2 2
7 0
13 13
2 13
6 0
0 12
1 6
9 6
0 6
10 13
12 3
3 0
5 3
9 0
3 13
3 1
4 9
10 3
8 0
12 2
6 13
10 0
10 9
11 5
6 4
8 5
2 7
10 6
7 4
7 1
0 7
12 10
12 5
5 1
13 4
0 4
4 2
13 2
5 7
9 1
12 4
12 8
10 2
10 10
9 10
4 1
7 3
10 12
3 10
4 11
12 9
3 3
11 3
3 5
12 6
9 5
1 3
10 1
2 4
12 11
6 6
7 10
13 8
1 0
8 11
9 7
10 7
6 8
11 11
4 7
6 9
13 10
11 0
5 5
4 10
7 2
8 7
7 13
7 6
13 0
13 11
1 9
3 4
0 5
2 1
8 6
11 12
1 1
6 7
5 13
11 6
3 8
2 11
12 1
1 5
8 4
10 4
11 10
5 9
7 5
4 8
0 3
12 7
0 0
11 8
0 9
8 1
4 5
8 8
8 12
4 6
4 13
8 10
0 1
0 8
13 5
6 5
4 4
11 2
1 4
5 0
7 9
5 8
3 9
9 9
1 11
1 12
5 4
3 6
9 3
2 9
2 5
1 13
11 13
0 2
4 3
5 2
6 1
1 2
3 11
7 8
13 1
6 10
5 11
10 8
4 12
6 2
13 7
12 12
2 12
9 13
11 4
3 2
0 13
9 11
1 8
13 9
2 0
8 3
9 8
9 2
8 13
13 12
2 6
2 8
6 3
0 10
11 7
