15 160 4188
00000000000000
00000000000000
10000011000000
10000011000000
10000001000000
10000001000000
00000001001000
00100001001000
00100000000000
00100001000000
00000000000000
00000000000000
00000000000000
00000000000000
10000000000000
000000000000000
111111111111100
000000001110000
000000000000000
000000000000000
000000000011111
000000000000011
000000000000000
000000000000000
111111111110111
000000000000000
000000111111111
000000000000000
000000000000000
13 7
7 0
12 9
11 11
4 1
8 4
7 13
2 9
14 0
5 3
0 5
14 6
11 7
4 8
1 4
4 9
6 13
8 0
7 14
0 3
9 5
12 4
6 7
7 3
13 6
2 12
7 7
3 6
13 4
7 11
7 4
0 14
11 1
3 14
10 12
6 6
3 2
2 11
2 10
13 12
10 13
10 8
9 0
6 3
9 14
5 9
5 2
12 11
8 7
5 11
8 13
14 4
2 0
3 12
4 12
3 4
8 9
11 9
12 8
10 7
13 10
12 10
12 7
8 6
1 6
9 3
9 8
0 2
9 7
11 0
4 5
11 2
1 11
6 14
1 8
2 6
3 7
5 14
7 1
6 12
0 8
8 1
12 3
0 11
5 8
9 11
2 1
12 6
2 3
8 11
2 13
2 7
3 13
11 6
0 1
9 9
3 9
2 14
5 5
10 1
0 13
4 10
6 0
8 8
4 0
5 1
12 1
9 12
13 0
8 14
4 2
6 2
9 10
14 13
1 2
0 10
10 11
1 14
8 12
6 4
6 11
5 12
14 2
14 9
11 13
9 1
14 3
2 2
7 2
11 8
14 11
4 7
11 12
12 14
10 6
1 12
10 3
2 8
9 2
4 13
5 13
13 13
5 7
9 13
14 14
11 14
13 3
1 13
12 0
0 4
0 6
6 1
1 1
5 4
10 0
13 5
6 10
1 9
0 0
1 7
