18 281 5152
00000000000000000
00000000000000000
00000000000000000
00000000000000000
00000000000000000
00100000000000000
00100000000000000
00100000000000000
00100000000000000
00100000000000000
00100000000000000
00100000000000000
00100000000000000
00100000000000000
00000000000000000
00000000000000000
00000000000000000
00000000000000000
000000000000000000
000000000000000000
000000000000000000
000000000000000000
111110000000000000
000000000000000000
000000000000000000
000000000000000000
000000000000000000
000000000000000000
000000000000000000
000000000000000000
000000000000000000
000000000000000001
000000000000011111
000000000000000000
000000000000000000
13 10
8 7
11 12
9 6
15 6
17 13
13 6
16 8
10 0
7 9
14 12
17 16
14 9
17 8
3 12
6 3
14 13
13 9
12 8
3 13
3 14
7 1
12 1
9 1
6 11
11 2
2 5
6 5
9 11
12 15
2 17
4 0
4 16
6 4
0 14
14 4
15 5
10 5
11 8
13 0
9 9
5 15
5 5
7 12
3 5
8 15
7 6
2 13
9 5
1 0
3 11
3 2
16 13
10 11
1 15
4 1
4 10
3 1
10 6
0 7
9 17
10 4
11 5
2 16
11 3
15 15
2 15
11 9
16 17
3 10
9 13
1 16
14 0
1 13
6 16
10 13
0 8
13 4
15 3
6 13
4 2
1 17
11 16
15 11
16 12
4 4
8 8
6 6
3 17
4 3
3 7
12 2
15 4
4 15
11 10
4 8
6 17
7 0
6 7
17 10
6 9
3 15
7 15
7 10
0 16
0 0
12 17
10 3
0 3
10 14
16 3
12 12
17 5
12 6
7 4
4 11
5 3
11 11
10 7
8 2
6 10
12 13
2 10
14 1
15 12
10 17
17 17
1 10
7 7
8 17
2 14
12 3
9 8
8 0
14 2
2 6
0 5
8 13
5 14
5 2
14 14
5 1
10 1
5 9
13 14
3 6
2 7
13 15
7 16
15 1
9 0
0 4
15 14
2 8
4 9
13 2
17 14
10 12
6 8
5 10
13 5
17 11
5 4
16 6
1 5
12 7
11 4
11 17
4 12
2 1
0 9
14 5
4 5
2 0
1 12
15 2
2 11
11 15
15 13
10 15
6 2
9 16
17 4
12 14
2 2
9 4
15 16
15 9
11 7
16 2
17 3
0 13
14 6
16 16
7 2
13 16
8 4
0 15
1 9
16 9
14 17
3 0
8 9
0 11
8 5
5 6
17 6
5 7
14 11
8 10
6 14
8 12
13 1
10 10
0 12
1 14
6 1
7 5
10 8
15 10
8 1
17 0
17 7
17 12
1 3
14 15
8 14
17 15
12 9
8 16
2 9
1 11
12 16
4 7
11 1
6 12
1 1
0 17
5 0
9 10
8 6
14 16
14 10
5 17
4 14
15 17
13 7
9 7
7 11
1 7
3 16
0 2
0 6
10 9
13 3
9 15
17 1
16 0
16 7
14 7
9 2
3 4
16 5
8 11
9 3
3 9
1 2
15 0
2 12
12 10
16 15
12 5
12 4
4 6
11 0
11 6
16 1
11 13
16 4
12 0
9 12
