14 192 2873
0010000000000
0010000000000
0010000000000
0010000000000
0010000000000
0000000000000
0000000000000
0000000000000
0000000000000
0000000000000
0000000000000
0010000000000
0010000000000
0010000000000
00000000000000
00000000000000
00000000000111
00100000000000
00000000000000
00000000000000
11111110111111
00000000000000
00000000000000
00000000000000
00000000011111
00000000000000
00000000000000
4 3
10 7
3 6
1 4
1 5
0 8
13 13
6 7
1 13
8 9
7 1
8 5
12 12
0 5
11 11
9 8
2 1
2 9
12 13
12 6
1 0
13 5
3 7
10 9
10 0
7 5
13 1
11 1
5 5
11 5
4 13
2 3
13 7
0 7
9 11
13 12
6 1
12 2
6 11
7 11
4 6
10 8
4 2
8 13
6 8
3 1
10 13
11 7
2 13
9 9
4 0
0 4
2 2
5 8
9 12
9 13
3 8
0 1
8 11
11 12
5 6
8 7
2 12
4 8
1 7
12 4
10 11
7 7
8 4
3 11
1 10
7 8
2 8
10 12
11 13
1 8
9 0
7 0
8 0
2 4
2 0
2 11
12 9
10 5
7 3
6 9
2 7
7 4
5 12
10 4
4 7
13 6
0 9
1 12
7 2
6 0
13 0
11 3
9 1
13 2
5 4
8 8
6 13
2 10
3 12
7 13
3 3
4 5
3 9
0 2
4 1
12 7
12 5
7 6
5 9
4 10
13 3
3 0
10 3
9 3
5 7
6 10
5 3
3 10
9 10
4 12
11 0
1 1
12 10
6 5
13 11
10 6
10 2
7 10
4 11
0 11
12 1
5 10
4 9
6 2
9 4
8 12
5 2
11 9
9 5
1 2
0 10
13 9
7 9
8 1
10 10
8 10
6 12
9 7
6 6
0 3
3 13
11 8
5 13
1 6
0 0
5 0
8 6
13 4
0 6
9 6
13 10
5 11
13 8
1 9
2 5
12 3
5 1
10 1
11 2
1 11
9 2
7 12
0 13
3 4
8 2
11 10
6 4
3 5
8 3
4 4
2 6
6 3
12 11
12 0
11 4
11 6
