14 86 1336
0000000000000
0000000000000
0000000000000
0000000000000
0000000000000
0000000000000
0000000000000
0000000000000
0000000000000
0000000000000
0000000000000
0000000000000
0000000000000
0000000000000
00000000000000
00000000000000
00000000000000
00000000000000
00000000000000
00000000000000
00000000000000
00000000000000
00000000000000
00000000000000
00000000000000
00000000000000
00000000000000
8 12
4 6
9 12
13 12
9 1
8 4
10 3
6 13
11 12
9 2
1 2
9 9
9 0
5 1
6 9
3 7
13 9
0 3
2 6
0 0
4 2
7 1
13 6
12 0
5 12
11 13
10 11
2 7
2 5
6 7
4 11
11 10
3 4
2 9
0 9
9 7
1 10
4 7
5 10
2 4
12 3
8 10
9 5
9 13
12 12
13 5
8 13
11 8
12 13
8 3
8 11
10 1
9 4
12 7
7 0
0 5
8 8
7 11
11 6
4 4
7 9
6 3
13 8
5 11
1 3
4 3
0 2
2 8
3 11
5 7
1 7
6 11
4 8
4 5
3 12
0 8
13 11
2 2
12 9
1 6
12 1
8 7
10 4
12 2
3 10
8 1
