19 307 9767
000000000000000000
000010000000100001
000010000000100001
000010000000100001
000010000000100000
000010000000100000
000000000000000000
000000000000000000
000000000000000000
000000000000000000
000000000000000000
000000000000000000
000000000000000000
000000000000000000
000000100000000000
010000100000000000
010000100000000000
010000100000000000
010000100000000000
0000000000000000000
0000000000000000000
0000000000000000000
0000000000000000011
0000000000111000000
0000011111111111111
0000000000000000011
0000000000000000000
0000000000000000000
1111110000000000000
0000000000000000000
0000000000011111111
0000000000111111111
0000000000000000000
0010011000000000000
0000000000000000000
0000000000000000000
0000000000000000000
15 11
14 16
16 0
5 11
4 11
10 18
5 6
13 10
18 5
10 11
17 16
16 9
6 2
9 2
11 10
14 15
14 17
0 8
1 16
8 2
15 4
3 8
16 15
15 7
5 13
0 9
9 4
2 10
10 8
1 2
8 9
13 9
15 3
9 12
10 10
7 17
3 13
14 2
1 13
18 17
4 4
9 18
7 2
10 2
15 15
3 18
0 1
0 6
6 9
16 1
7 11
7 8
14 3
4 18
3 7
18 9
15 17
12 15
13 15
8 5
6 15
3 16
2 1
1 9
9 1
8 16
3 0
5 17
12 6
18 15
5 5
7 14
1 15
7 5
15 13
7 18
5 7
18 6
0 5
11 13
0 7
1 0
4 3
3 3
13 6
15 5
5 15
1 1
4 8
14 12
1 18
15 8
13 1
3 14
4 9
7 10
3 17
8 11
13 18
5 0
18 4
9 8
18 1
12 2
18 12
17 11
16 16
6 18
2 6
2 9
2 11
6 10
8 0
2 14
9 16
12 7
3 9
1 3
3 2
10 0
2 17
5 12
7 12
15 10
4 17
10 12
11 8
18 16
12 5
11 18
4 6
6 16
17 14
9 0
11 14
13 13
12 18
14 7
0 13
9 6
0 2
1 12
8 17
11 5
15 12
4 10
6 17
6 1
5 1
12 10
13 7
7 0
2 0
9 9
0 11
5 9
4 12
3 11
0 16
18 14
2 16
13 11
2 18
18 3
4 15
5 10
9 5
1 7
11 6
12 17
17 17
14 10
10 15
9 10
0 18
2 12
0 4
11 16
13 8
12 11
9 15
4 16
17 7
8 18
11 1
12 12
7 7
5 16
18 7
6 14
4 1
12 13
18 11
15 6
17 18
0 10
14 14
8 6
16 7
8 7
5 14
17 15
16 8
13 16
8 15
0 3
11 2
12 4
9 13
14 11
8 13
3 6
10 4
8 10
6 3
3 12
8 8
12 9
18 8
10 3
12 0
7 1
6 7
11 0
17 8
16 11
4 5
7 16
14 13
6 8
7 3
5 4
3 15
6 4
11 3
18 18
14 0
1 5
9 17
9 7
10 14
9 14
11 9
17 6
16 4
3 4
14 8
17 10
2 8
3 1
3 10
16 3
1 17
2 2
14 6
10 7
7 4
17 1
0 0
5 3
10 5
4 14
16 14
0 15
15 14
16 5
1 4
2 15
13 14
12 16
18 10
1 11
8 4
11 15
11 11
18 2
2 7
7 15
16 18
9 11
7 9
13 4
5 2
18 0
6 13
1 14
9 3
7 6
12 1
16 2
17 13
16 13
14 9
13 12
16 6
17 0
17 9
11 17
2 4
6 5
11 12
2 13
16 17
17 4
15 0
16 12
13 2
