13 63 1025
000010000000
000010000000
000010000000
000010000000
000010000000
000010000000
000010000000
000010000100
000000000100
000000000100
000000000100
000000000100
000000000100
0000000000000
0000000000000
0000000000000
0000000000000
0000000000000
0000000000000
0000000000000
0000000000000
0000000000000
0000000000000
0000000000000
0000000000000
0 3
1 3
7 10
8 12
3 3
12 3
12 2
7 3
5 10
12 11
6 6
4 2
3 5
1 2
2 0
4 0
7 8
2 9
11 4
2 1
9 5
8 9
1 10
11 6
12 8
4 9
5 3
0 6
12 9
10 5
10 6
6 5
9 1
11 1
2 7
5 1
9 7
11 0
11 10
0 11
9 0
8 5
1 5
2 3
8 0
5 12
10 8
7 6
0 0
4 5
4 8
8 4
3 10
2 8
11 5
2 11
6 12
4 12
7 4
4 1
12 0
3 12
4 7
