12 84 1741
00000000000
00000000000
00000000000
00000000000
10000001000
10000001000
10000001000
10000001000
10000001000
11000001000
01000000010
01000000010
000000000000
000000000000
000000000000
111111111000
000000000000
000000000000
000000000000
000000000000
000000000000
000000000000
000000000000
2 11
0 0
3 5
5 9
7 5
4 4
11 4
10 9
8 6
10 1
7 8
9 0
10 4
2 5
1 6
4 7
10 7
0 10
5 7
0 4
9 4
1 7
0 2
3 0
2 6
2 3
4 5
2 0
3 4
8 10
8 8
4 3
8 11
0 11
3 3
10 3
1 3
6 11
4 10
3 9
7 0
9 2
9 7
8 4
1 10
3 10
8 2
7 4
11 5
0 8
0 7
1 2
5 11
6 2
6 10
3 1
9 9
4 9
9 10
3 6
9 5
0 9
10 2
4 2
11 6
11 1
1 9
1 0
8 3
3 8
2 8
10 10
1 8
5 2
8 5
10 6
3 2
6 1
11 0
6 8
8 7
7 6
4 11
5 1
