16 78 1694
000100000000100
000100000000100
000100000000100
000100000000100
000100000000100
000100000000000
000000000000000
000000000000000
000000000000000
000000000000000
000000000000000
000000000000000
000000000000000
000000000000000
000000000000000
000000000000000
0000000000000000
0000000000000000
0000000000000000
0000000000000000
0000000000000000
0000000000000000
0000000000000000
0000000000000000
0000000000000000
0000000000000000
0000000000000000
0000000000000000
0000000000000000
0000000000000000
0000000000000000
8 4
4 12
11 11
4 4
15 8
0 3
12 4
11 3
4 14
3 2
5 5
0 0
1 5
13 10
3 11
8 12
8 14
13 6
12 7
15 14
6 6
0 15
15 15
10 0
0 2
14 3
7 5
1 10
15 6
7 12
4 7
8 3
1 15
8 5
2 3
8 1
10 7
14 11
3 5
13 4
13 0
14 13
3 6
6 14
1 13
11 6
15 2
4 0
0 8
13 7
12 5
2 15
4 2
5 10
8 9
11 8
14 12
14 7
10 15
4 10
1 0
9 8
15 1
1 6
1 3
15 13
13 12
12 1
7 6
11 9
9 7
9 15
10 4
11 1
10 1
2 9
2 12
15 12
