17 192 4400
0000000000000000
0000000000000000
0000001000000000
0000001000000000
0000001000000000
0000001000000000
0000001000000000
0000001000000000
0000001000000000
0000001000000000
0000001000000000
0000001000000000
0000101000000000
0000101000000000
0000101000000000
0000101000000000
0000101000000000
00000000000000000
00000000000001111
00000000000000000
00000000000001111
00000000000000000
00000000011111111
00000000000000000
00000000000000000
00000000000011111
00000000000000000
00000000000000000
00000000000000000
00000000000000000
00000010000000000
00000000000000000
00000000000000000
8 8
11 0
15 4
2 9
1 14
11 5
1 0
5 15
3 10
6 10
14 12
2 16
14 3
2 6
5 6
13 9
16 2
15 6
14 16
6 13
12 8
4 16
0 5
11 11
1 7
16 16
4 5
0 13
0 7
14 1
16 12
7 15
1 8
8 0
0 4
14 0
0 8
11 12
15 11
16 9
3 12
0 1
13 8
10 5
0 6
15 1
9 13
6 16
16 8
16 10
5 0
7 11
9 8
14 9
1 2
0 12
8 15
12 1
3 15
13 16
1 1
5 13
9 7
12 7
16 4
8 4
16 3
9 1
1 3
15 10
14 7
2 15
8 12
9 9
8 3
11 6
12 3
8 10
10 7
6 11
9 16
2 1
10 6
5 7
3 0
10 10
2 2
11 14
1 11
12 13
13 1
0 14
10 0
3 1
7 10
12 5
9 2
10 15
0 2
4 9
2 14
15 12
11 4
6 14
6 3
1 10
15 3
4 1
7 5
16 5
14 13
4 4
4 3
15 15
3 9
2 8
10 16
2 3
12 11
0 9
5 2
14 5
0 10
2 4
8 9
11 3
12 14
6 6
16 15
13 10
15 7
7 14
0 15
16 13
9 15
12 10
13 11
10 14
8 11
10 1
4 6
16 6
4 13
7 12
8 14
1 12
1 16
6 0
3 14
3 13
5 11
9 4
5 3
7 3
5 5
4 14
14 8
6 4
1 9
1 15
1 6
14 2
12 6
3 6
7 13
5 1
6 2
4 11
6 5
9 12
9 0
5 10
12 15
10 2
9 5
0 3
7 6
3 7
2 12
3 5
14 14
14 10
11 13
11 7
5 14
13 5
11 2
10 4
11 8
5 9
14 6
10 9
