17 205 7328
0101001001000100
0101000001000100
0101100000000100
0101100000000100
0101100000000100
0101100000000100
0101100000000100
0100100000000000
0100100000000000
0100100000000000
0100100000000010
0000100000000010
0000100000000000
0000000000100001
0000000001100001
0010000001001000
0010000001001000
00000000000000000
00000000000000000
00000000001111000
00000000000011000
00000000000000000
00000000000000000
00000000000000000
00000000000000000
00000000000000000
00000000001111111
00000000000000000
00000000000000000
00111111111111111
00000000000000000
00000000000000000
00000000000000000
2 5
13 0
11 2
1 3
3 14
11 11
7 13
9 10
10 11
3 12
9 16
9 12
3 5
7 14
6 8
5 16
8 14
12 12
13 10
16 2
1 14
6 12
10 2
14 8
4 16
6 4
15 8
15 15
4 11
13 8
3 8
8 11
13 9
8 5
15 3
1 8
7 1
8 13
2 14
10 14
12 15
0 12
15 13
5 5
2 13
2 0
10 10
5 13
10 13
8 12
12 7
14 7
13 7
16 11
14 5
12 1
16 10
5 8
11 14
1 13
4 2
11 12
7 11
8 3
16 15
11 13
6 10
5 3
15 11
13 15
11 5
2 7
12 13
0 0
8 4
1 15
0 5
13 6
11 1
15 14
11 4
7 9
12 11
8 0
3 4
9 13
0 10
14 0
9 0
15 0
5 9
0 8
12 16
1 12
11 8
15 10
10 4
6 14
7 0
4 10
5 14
15 6
9 5
1 5
6 5
8 16
16 14
2 3
11 10
3 2
13 13
13 14
9 9
15 16
6 15
5 15
8 9
4 14
7 5
4 1
7 10
15 2
5 11
9 1
10 6
10 1
9 2
16 4
4 9
3 9
16 8
16 5
13 2
13 3
9 14
2 16
12 5
12 3
4 4
7 6
12 2
14 16
1 10
2 1
16 9
16 0
14 14
7 16
14 3
0 4
11 16
2 11
3 15
4 15
4 6
2 8
11 9
6 16
15 1
0 7
5 2
0 16
14 6
9 4
16 7
3 7
2 6
7 8
5 1
9 3
3 11
4 8
0 3
1 7
16 3
3 6
7 15
4 0
10 12
12 0
14 2
9 8
14 1
3 13
0 11
12 14
16 16
6 3
1 9
12 6
3 3
6 11
3 10
4 5
6 6
14 12
8 7
9 6
6 2
6 7
0 14
8 1
11 3
3 16
9 7
