13 38 651
000000000000
000000000000
000000000000
000000000000
000000000000
000000000000
000000000000
000000000000
000000000000
000000000000
000000000000
000000000000
000000000010
0000000000000
0000000000000
0000000000000
0000000000000
0000000000000
0000000000000
0000000000000
0000000000000
0000000000000
0000000000000
0000000000000
0000000000000
2 6
10 10
2 1
6 8
0 0
2 4
7 3
8 12
11 2
9 4
12 8
0 11
7 8
6 7
1 0
7 10
1 8
12 7
0 7
11 5
3 10
3 5
4 7
12 9
5 9
4 12
1 5
2 3
8 9
3 12
9 3
9 2
5 5
1 9
4 4
0 12
7 11
1 12
