18 304 7802
00000000000000000
00000000000000000
00000000000000000
00000000000000010
00000000000000010
00000000000000010
00000000000000010
00000000000000010
00000000000000010
00000000000000010
00100000000000010
00100000000000010
00100000000000010
00100000000000010
00100000000000010
00100000000000010
00100000000000010
00100000000000010
000000000000000000
000000000000000000
000000000000000000
000000000000000000
000000000000000000
000000000000000000
000000000000000000
000000000000000000
000000000000000000
000000000000000000
000000000000000000
000000000000000000
000000000000000000
000000000000000000
000000000000000000
000000000000000000
000000000000000000
9 12
8 9
11 2
11 11
14 6
5 16
5 5
17 0
15 6
16 9
0 8
0 15
14 15
1 16
2 14
16 17
11 9
8 5
14 9
2 9
7 4
0 16
14 7
2 2
8 12
15 15
4 8
7 14
14 12
17 5
16 3
11 13
0 11
7 6
12 15
15 5
14 16
9 10
8 8
9 7
13 14
9 17
13 2
13 10
16 12
0 12
12 2
11 3
11 0
7 17
15 12
4 4
5 3
0 9
1 13
14 14
17 11
2 11
12 16
15 17
16 1
13 17
3 10
16 5
13 6
4 17
5 10
10 2
10 9
1 8
0 0
5 11
17 9
14 10
11 6
4 10
13 11
2 12
3 3
8 6
7 13
10 1
6 9
15 2
10 4
6 4
14 8
9 3
17 14
4 9
11 1
17 17
12 0
3 8
4 13
7 16
9 8
9 0
0 2
14 4
0 10
15 1
16 4
16 7
17 1
2 4
5 6
4 6
12 7
9 6
16 11
11 12
5 7
9 1
0 7
1 15
0 14
14 13
17 2
6 7
5 14
3 13
14 11
12 1
7 3
3 2
10 15
6 13
17 7
14 1
3 6
12 14
12 9
9 13
8 4
12 17
6 14
7 8
12 12
7 1
4 7
14 17
16 13
16 0
1 0
7 9
10 6
7 12
11 4
7 15
11 16
5 1
9 15
15 11
6 3
0 6
3 9
3 16
2 1
13 12
9 14
7 2
8 13
4 16
1 12
2 0
3 14
17 3
9 2
13 13
6 16
0 5
10 7
11 5
11 10
10 11
16 16
4 11
8 11
15 4
1 4
5 9
15 3
15 0
13 16
7 0
8 17
15 10
12 10
3 0
1 1
4 1
11 17
8 14
3 1
10 0
10 17
17 4
1 11
8 10
10 14
16 15
15 8
15 16
1 7
8 15
10 13
4 14
5 0
6 10
5 15
12 11
9 11
12 5
1 6
6 15
4 3
4 12
7 7
4 5
10 5
1 3
0 1
2 17
13 8
13 15
6 5
17 6
11 8
16 8
2 3
14 0
2 7
6 11
6 6
5 12
6 8
10 12
5 8
8 1
13 7
13 9
9 5
11 15
5 2
12 13
13 1
6 17
14 2
4 0
12 4
11 7
17 13
17 10
6 2
7 10
10 8
12 8
9 9
2 6
3 17
3 7
12 3
17 8
8 3
7 11
9 16
8 0
12 6
0 13
1 5
15 9
4 15
15 14
16 10
3 15
2 8
6 0
6 12
15 7
3 11
3 4
9 4
13 5
0 17
8 16
13 3
5 13
8 7
1 10
6 1
2 16
2 13
1 9
1 14
2 10
17 16
16 14
16 2
10 16
10 10
5 17
13 4
3 5
