10 95 1546
000001000
100001000
100000100
100000000
100000000
100000000
100000000
100000000
100000000
100000000
0000000000
0100000000
0111111110
0000000000
0000000000
0000000000
0000000000
0000000000
0001111111
6 0
6 6
2 3
4 3
6 8
0 1
0 9
2 9
9 0
4 2
5 3
7 9
7 3
8 7
0 4
1 1
8 0
0 7
6 3
1 9
7 4
1 2
5 4
3 9
8 1
7 7
3 3
2 2
9 9
4 8
9 4
1 7
7 2
4 7
5 7
2 0
5 2
7 6
2 5
5 5
8 6
7 1
0 2
0 8
9 3
7 8
4 4
0 3
5 0
3 8
3 4
6 5
3 0
7 5
3 1
8 4
2 1
3 5
8 9
9 5
1 6
5 9
5 8
3 6
9 8
2 8
8 2
1 8
2 4
2 6
8 8
9 6
0 6
0 0
2 7
4 1
4 9
1 5
9 1
4 0
5 1
6 1
3 7
8 5
7 0
9 7
0 5
6 9
8 3
4 5
1 3
6 4
6 7
3 2
5 6
