14 177 3732
0000000011001
0000000001000
0000000001000
0000000001000
0000000001000
0000000000000
0000000000000
0000000001000
0000000001000
0000000001000
0001000001000
0000011001000
0000011001000
0000011001000
00000000000000
00000000000000
00000000000000
00000000000011
00000000000000
00000000000000
11111100000000
00000011110000
00000000000000
00000000000000
00011100000000
00000000000000
00000000000000
7 6
7 10
11 6
10 3
12 11
3 13
11 5
11 0
1 7
10 8
13 1
11 3
7 1
13 11
7 7
0 11
1 10
8 4
9 6
9 7
11 12
11 10
8 7
9 11
5 4
1 6
0 8
5 2
3 1
2 2
12 3
7 9
4 10
8 1
0 1
12 12
4 6
0 3
6 1
3 11
1 4
2 11
2 8
9 12
0 5
10 0
8 3
11 8
3 3
6 12
11 11
6 5
10 1
6 13
7 2
12 8
9 10
7 5
8 2
3 7
11 2
3 0
12 1
5 0
11 13
7 4
9 8
10 12
1 11
10 13
10 10
6 6
0 9
13 12
10 6
7 8
8 13
8 12
4 0
1 9
0 4
12 10
1 8
9 0
2 12
12 0
13 4
8 10
3 5
2 9
10 9
7 3
1 12
9 1
6 7
2 4
12 9
13 13
7 12
11 7
13 7
13 9
2 6
6 11
1 3
5 3
6 0
4 12
4 1
5 12
0 7
9 4
2 7
4 13
13 3
4 3
6 9
3 6
7 11
9 3
8 0
0 13
5 9
13 10
3 2
1 1
13 0
7 0
0 6
4 8
5 13
13 2
0 2
10 5
13 8
10 11
11 4
1 13
2 3
10 7
11 1
5 6
12 5
12 13
5 8
13 6
6 8
3 10
1 0
5 5
11 9
4 5
9 9
2 5
5 10
8 11
6 2
5 1
3 12
4 9
3 9
4 7
12 6
0 0
0 12
4 11
8 6
10 2
10 4
8 5
9 13
12 7
6 10
2 13
4 4
12 2
8 9
