14 94 2931
1000001001000
1000001000000
1000001000000
1000001001010
1000001001010
1000101001010
1000101001010
1000101001010
1000001001010
1000001001010
1000001001010
1000000001010
0000000001010
0000000001010
00000001000000
00000000000000
00000000000000
00000000000000
00011110000000
00000000000000
00000000000000
00000000000000
00000000000000
00000000000000
00000000000000
00000000000000
00000000001000
6 11
8 12
7 5
6 2
7 3
2 4
13 7
2 12
8 13
4 0
0 6
5 1
8 10
13 0
8 6
13 11
7 12
9 12
3 4
12 9
3 12
11 0
4 13
4 9
0 4
0 13
4 11
11 11
8 9
5 3
6 13
9 10
2 6
8 5
7 10
5 2
1 12
10 5
2 13
10 4
9 4
10 2
0 0
10 1
9 11
4 12
2 1
1 10
7 1
9 8
0 7
9 2
12 3
8 7
1 9
9 6
7 8
3 5
6 12
2 9
1 2
9 5
0 10
0 9
12 6
1 6
11 12
7 7
8 11
4 7
4 2
0 11
12 0
6 4
7 11
2 8
8 1
9 9
0 8
7 2
10 9
5 11
5 5
12 13
6 8
5 13
10 8
3 8
3 6
4 4
13 8
1 4
9 7
9 13
