15 150 3060
00100000000000
00100000000000
00100000000000
00100000000000
00000000000000
00000000000000
00000000000000
00100000000000
00110000000000
00110000001000
00110000001000
00110000001000
00010000001000
00010001001000
00010001001000
000000000000000
000000000000000
000000000000000
000000000000000
000000000000000
000000000000000
111110000000011
000000000000000
000000000000000
000000000000000
000000000000000
000000000000000
000000000000000
000000000000001
6 9
1 11
7 13
3 11
9 10
4 10
8 12
10 14
0 4
3 10
12 13
6 7
1 8
3 0
2 3
10 3
9 2
9 8
3 8
7 8
11 6
3 12
11 4
0 14
11 0
1 9
11 3
8 2
9 11
8 4
1 10
9 5
0 9
6 4
0 11
0 8
4 7
5 10
14 14
9 7
2 2
11 14
8 0
12 5
1 2
11 1
5 11
2 4
4 13
14 13
7 5
4 4
14 0
4 0
12 14
13 12
6 1
11 2
14 12
4 8
5 8
8 3
12 0
10 8
11 13
8 14
8 10
1 13
2 10
2 11
6 8
9 0
12 10
4 11
10 1
5 5
2 9
7 7
1 7
9 6
3 9
8 11
5 7
11 9
6 3
3 6
14 9
0 12
13 13
10 2
13 0
14 1
2 12
8 9
9 4
14 8
6 5
7 10
7 12
1 5
11 7
5 13
2 6
9 13
2 14
13 5
13 3
10 7
6 0
0 10
1 12
12 8
0 2
3 1
3 5
3 3
6 10
6 14
4 6
0 6
8 7
14 10
13 2
0 1
13 6
11 5
7 4
12 11
10 5
4 2
14 4
6 12
4 3
2 0
2 1
6 6
10 0
4 12
6 2
4 9
13 14
2 8
1 6
14 2
6 11
1 14
3 4
10 10
1 4
10 4
