20 192 4330
0010000001000000010
0010000001000000010
0010000001000000010
0010000001000000000
0010000001000000000
0010000001000000000
0000000001000000000
0000000001000000000
0000000000000000000
0000000000000000000
0000010000000000000
0000010000000000000
0000010000000000000
0000010000000000000
0000010000000000000
0000010000000000000
0000010000000000000
0000010000000000000
0000010000000000000
0000010000000000000
00000000000000000000
00000000001111111000
00000000000000000000
00000000000000000000
00010000000000000000
00000000000000000000
00000000000000000000
00000000001100000000
00000000000000000000
00000000000000000000
00000000000011111111
11110000111111111111
00000000000000001111
00000000000000001111
00000000000000000000
00000011111000000000
00000001111111111111
00000000000000111111
00000011111111111110
7 11
0 9
15 7
15 4
10 5
8 4
17 4
5 9
16 19
1 18
12 17
16 6
2 12
12 8
3 9
2 1
12 18
10 6
15 6
7 6
18 14
5 12
19 2
4 6
12 13
13 9
7 5
17 19
10 7
5 1
7 19
4 12
6 18
0 18
19 7
10 3
7 4
1 15
3 2
8 6
3 8
5 16
15 19
17 18
6 1
11 6
19 3
7 14
4 18
9 17
18 13
5 13
0 0
14 15
12 4
16 5
7 9
8 12
17 11
14 2
13 18
12 16
12 15
18 0
1 7
10 17
13 4
15 1
14 0
3 12
0 6
11 1
0 3
17 8
14 16
10 4
10 2
19 14
11 19
10 15
4 2
1 13
5 18
3 14
11 4
14 19
6 3
1 8
9 12
2 3
13 10
12 12
5 10
4 1
4 15
18 8
1 2
8 5
9 4
6 8
0 17
5 4
14 6
15 12
11 0
16 3
14 14
17 9
4 19
9 11
19 5
6 17
5 2
14 4
7 0
16 13
15 0
3 19
9 18
14 11
6 2
0 11
0 10
12 3
8 2
18 11
5 0
4 17
0 5
8 18
3 13
7 13
7 15
18 1
17 2
10 11
1 6
2 19
18 5
3 5
17 7
2 8
10 10
0 19
8 19
9 15
6 9
10 12
15 11
1 19
10 0
4 0
17 13
7 12
3 6
2 4
0 2
0 7
11 7
12 2
8 10
8 8
4 13
18 3
3 7
8 0
7 16
4 5
9 6
11 16
13 14
6 4
12 9
0 1
18 4
4 14
4 16
18 9
17 16
17 10
15 18
4 11
3 11
3 17
16 8
17 15
17 14
13 16
1 11
5 15
6 10
9 13
