18 111 2649
00000100000000000
00000100000000000
00000100000000000
00000100000000000
00000100000000000
00000000000000000
00000000000000000
00000000001000000
00000000001000000
00000000001000000
00000000001000000
00000000001000000
00000000001000000
00000000001000000
00000000001000000
00000000001000000
00000000001000000
00000000001000000
000000000000000000
000000000000000000
000000000000000000
000000000000111111
000000000000000000
000000000000000000
000000000000000000
000000000000000000
000000000000000000
000000000000000000
000000000000000000
000000000000000000
000000000000000000
000000000000000000
000000000000000000
000000000000000000
000000000000000000
8 6
12 16
14 8
8 10
4 10
15 14
7 12
2 5
14 2
13 11
11 13
8 15
3 11
13 4
5 5
1 4
6 8
4 16
14 11
2 16
2 3
2 11
16 9
9 16
17 0
17 7
3 5
14 16
12 17
17 14
14 14
8 7
8 9
8 12
12 9
16 8
1 6
13 3
4 5
0 0
8 5
14 7
15 6
16 5
1 15
9 4
3 1
6 10
16 3
4 6
6 2
9 12
13 2
6 9
5 11
10 15
17 13
3 15
10 4
17 11
4 17
6 12
0 2
10 7
8 16
5 3
16 16
2 12
11 6
10 14
9 9
6 14
14 6
8 17
0 5
10 12
5 0
9 1
17 2
2 10
14 13
11 15
7 1
3 9
9 15
1 1
8 0
2 7
10 11
2 4
3 14
17 9
5 15
16 7
2 17
6 0
11 17
14 3
13 0
7 2
15 2
3 6
5 14
12 1
11 0
13 6
3 0
11 3
14 5
9 7
12 4
