20 89 1940
0000000000100000000
0000000000100000000
0000000000100000000
0000000000100000000
0000000000100000000
0000000000100000000
0000000000100000000
0100000000000000000
0100000000000000000
0100000000000000000
0100000000000000000
0100000000000000000
0100000000000000000
0100000000000000000
0100000000000000000
0100000000000000000
0100000000000000000
0000000000000000000
0000000000000000000
0000000000000000000
00000000000000000000
00000000000000000000
00000000000000000000
00000000000000000000
00000000000000000000
00000000000000000000
11100000000000000000
00000000000000000000
00000000000000000000
00000000000000000000
00110000000000000000
00000000000000000000
00000000000000000000
00000000000000000000
00000000000000000000
00000000000000000000
00000000000000000000
00000000000000000000
00000000000000000000
9 9
16 18
18 11
11 7
14 0
6 0
10 0
14 5
9 13
14 18
19 10
4 19
6 5
18 12
16 3
8 8
1 17
0 7
19 2
8 2
12 17
13 2
10 16
8 14
7 11
4 6
14 3
19 3
14 15
15 17
0 9
5 6
4 7
2 1
15 4
8 0
5 17
2 11
5 13
8 9
9 3
18 15
18 18
13 14
0 4
9 1
2 12
1 14
14 17
7 2
8 16
15 12
7 4
19 16
15 5
3 8
6 12
12 1
7 5
8 12
14 11
12 4
8 11
19 18
17 9
2 16
11 19
17 10
7 12
1 11
15 18
13 4
2 18
8 7
11 3
0 12
18 16
8 6
11 18
4 9
1 8
11 17
3 2
6 9
18 1
15 14
10 14
14 19
19 8
