11 80 912
0000000001
0000000001
0000000001
0000000001
0000000001
0000000001
0000000001
0000000000
0000000001
0000000001
0000000001
00000000000
00000000000
00000000000
00000000000
00000000000
00000000000
00000000000
00000000000
00000000000
00000000000
1 1
10 0
7 1
5 4
4 1
4 8
3 8
2 7
10 3
4 6
7 6
4 10
7 10
5 9
5 3
1 6
0 5
5 2
9 3
4 2
6 5
0 2
7 2
6 0
1 2
4 3
10 8
10 1
10 10
4 9
7 7
8 5
5 1
8 7
9 2
4 5
10 9
6 8
3 10
2 9
2 5
6 1
4 0
3 5
8 3
9 6
3 1
4 4
6 4
9 1
6 10
1 4
5 0
7 0
1 9
9 10
8 2
7 4
2 3
0 8
2 8
5 10
6 2
0 6
3 4
2 1
0 3
10 6
6 6
8 6
10 7
3 0
8 8
6 7
9 8
9 0
8 0
8 10
1 7
8 1
