14 93 1388
0011100000010
0011100000010
0010100000010
0010000000010
0010000000000
0000000000001
0000000100001
0000000100001
0000000100001
0000000100001
0000000100001
0000000100101
0010000000000
0000000000000
00000000000000
00000000000000
00000000000000
00000000000010
00000001111110
00000000000000
00000000000000
00000000000110
00000000000000
00000000100000
00000000000000
01111111111111
00000000000000
5 13
3 12
3 0
9 8
0 1
9 0
7 1
13 12
13 7
12 0
10 6
0 2
1 10
13 5
10 10
6 1
11 9
1 6
11 13
2 12
2 3
8 7
4 7
8 5
6 4
7 11
1 7
13 3
1 0
13 10
6 5
2 11
5 4
5 5
0 8
9 10
8 13
9 6
10 9
11 5
8 4
13 4
11 3
9 3
12 7
3 11
6 9
9 7
10 2
2 6
10 12
1 11
12 10
11 4
11 8
5 3
0 13
8 9
0 11
3 5
6 12
8 6
12 1
2 0
7 9
3 1
1 3
6 0
11 6
8 0
13 2
12 5
4 1
8 1
12 13
3 9
1 4
2 8
8 2
12 8
3 2
9 9
0 4
10 1
2 13
5 8
12 4
9 12
7 3
7 0
0 0
5 10
2 10
