16 19 254
000000000000000
000000000000000
100000000000010
100000000000010
100000000000000
000000000000000
000000000000000
000000000000000
000000000000000
000000000000000
000000000000000
000000000000000
000000000000000
000000000000000
010000000000000
010000000000000
0000000000000000
1111111111100111
0000000000000000
0000000000000000
0000000000000000
0000000000000000
0000000000000000
0000001111111111
0000000000000000
0000000000000000
1111111110000000
0000000000000000
0000000000000000
0000000000000000
0000000000000000
2 1
14 2
14 14
9 15
15 4
15 2
10 8
2 6
2 11
8 7
15 5
6 6
5 10
9 11
6 11
13 10
1 8
10 5
10 11
