17 159 3545
0000000000000000
0000000000000000
0000000000000000
0000000000000000
0000000000000000
0000000000000000
0000000000000000
0000000000000000
0000000000000000
0000000000000000
0000000000000000
0000000000000000
0000000000000000
0000000000000000
0000000000000000
0000000000000000
0000001000000000
00000000000000000
00000000000000000
00000000000000000
00000000000000000
00000000000000000
00000000000000000
00000000000000000
00000000000000000
00000000000000000
00000000000000000
00000000000000000
00000000000000000
00000000000000000
00000000000000000
00000000000000000
00000000000000000
14 6
14 0
10 7
11 10
1 14
16 7
13 16
2 3
14 11
14 12
8 16
15 7
6 2
7 13
8 13
16 5
12 9
3 6
8 12
9 12
12 12
3 3
16 1
14 13
14 3
13 0
8 2
4 8
2 8
11 0
10 1
16 12
8 10
2 0
3 15
13 14
4 2
12 3
13 5
13 3
6 7
14 8
9 4
4 0
13 9
1 9
8 8
2 12
5 6
15 10
11 2
11 14
13 15
3 10
7 0
12 4
4 15
5 11
4 13
7 11
9 2
4 5
7 7
3 0
10 8
1 8
2 4
7 1
5 5
16 15
6 1
4 9
1 16
11 1
1 2
15 11
5 16
0 11
12 2
10 13
1 15
3 13
16 10
9 5
11 7
5 9
14 4
0 8
8 11
12 15
1 11
2 2
9 3
0 16
10 3
10 10
16 9
1 10
15 9
9 8
0 1
15 15
11 11
11 6
6 16
16 6
12 13
8 1
15 0
0 4
3 11
13 2
7 16
0 3
9 6
13 11
16 16
13 1
8 0
11 12
6 3
9 10
3 12
4 12
2 7
16 2
7 10
4 16
12 14
4 7
15 4
13 8
4 14
1 0
11 5
7 8
5 14
1 7
1 1
2 14
15 6
3 9
4 1
10 9
14 9
7 4
7 6
3 2
7 2
1 5
5 13
0 15
0 6
15 14
8 15
5 2
5 1
10 5
10 15
