18 292 6365
01000010000000000
01000010000000000
01000010000000000
01000000000000000
01000010000000000
01000000000000000
00000000000000000
00000000000000001
00000000000000001
00001000000000001
00001000000000001
00000000000000001
00000000000000001
00000000000000001
00000000000000001
00000000000000001
00000000000000001
00000000000000001
000000000000000000
000000000000000000
000000000000000000
000000000000000000
001111111100000000
000000000000000000
000000000000000000
111100000000000000
111111110000000000
000001000000000000
000000000000000000
111111100000000000
000000000000000000
000000000000000000
000000000000000000
000000000000000000
000000000000001110
3 17
4 1
7 14
3 5
5 9
1 7
7 12
13 16
15 6
9 1
11 14
15 1
16 3
10 11
0 2
3 14
12 4
17 11
6 17
14 12
7 0
12 3
2 14
0 11
12 5
17 13
4 16
8 16
1 11
6 14
4 3
6 13
10 14
16 15
15 15
11 15
8 3
12 1
17 6
5 15
3 16
12 2
0 9
1 2
9 12
0 13
14 2
13 9
16 6
0 10
3 2
13 14
8 11
6 15
10 7
2 15
0 7
11 13
4 12
8 12
12 16
17 16
12 6
15 12
5 4
13 12
15 2
17 12
10 5
8 0
16 1
13 11
1 8
16 4
3 12
9 14
6 7
2 11
4 7
14 14
13 17
3 1
7 10
6 4
0 1
17 1
7 16
2 10
16 12
15 16
8 1
12 12
3 3
9 16
9 17
9 9
7 5
9 11
5 2
0 6
4 15
12 7
3 8
1 17
11 12
10 15
14 3
3 15
11 8
11 11
14 5
17 10
10 1
17 4
11 17
15 3
14 0
1 6
4 11
2 9
11 1
12 9
0 17
10 4
0 4
5 14
7 3
5 16
7 2
6 3
16 11
10 6
3 9
14 9
3 6
17 3
9 3
5 0
1 1
12 14
2 16
7 1
8 4
1 10
15 0
0 0
13 6
16 16
12 0
6 9
11 0
7 15
8 17
3 13
9 13
8 7
3 0
2 6
5 6
8 6
9 10
7 4
0 3
16 13
6 5
17 17
16 10
17 9
0 15
10 10
0 16
5 12
11 9
11 10
1 0
13 2
17 8
7 13
12 8
4 0
15 7
9 15
13 10
16 7
8 13
5 5
13 3
3 4
4 17
17 0
6 1
14 13
16 0
13 8
7 7
17 7
11 6
2 1
0 12
4 9
16 9
8 9
10 3
14 11
12 10
7 17
13 5
12 15
12 17
14 4
12 13
2 13
16 5
5 11
5 17
9 2
3 11
4 2
7 9
2 7
6 0
8 14
5 13
1 9
2 8
6 6
3 10
11 16
13 13
17 15
4 13
15 17
8 5
15 9
4 8
6 2
14 1
16 2
4 4
1 15
14 7
6 11
4 6
9 5
10 12
8 15
13 7
7 6
17 2
10 8
13 15
1 13
1 4
4 5
0 14
1 12
16 17
5 3
14 10
1 16
2 2
1 5
2 3
11 5
9 6
6 8
2 5
8 8
1 14
16 14
0 5
2 12
13 0
10 9
5 7
17 14
12 11
11 7
10 17
5 1
11 2
13 1
10 16
15 14
1 3
2 4
5 10
15 8
8 2
9 7
15 5
9 8
