17 105 2280
0000000000000000
0000000000000000
0000000000000000
0000000000000000
0000000000000000
0000000000000000
0000000000000000
0000000000000000
0000000000000000
0000000000000000
0000000000000000
0000000000000000
0000000000000000
0000000000000000
0000000000000000
0000000000000000
0000000000000000
00000000000000000
00000000000000000
00000000000000000
00000000000000000
00000000000000000
00000000000000000
00000000000000000
00000000000000000
00000000000000000
00000000000000000
00000000000000000
00000000000000000
00000000000000000
00000000000000000
00000000000000000
00000000000000000
1 0
15 8
6 6
2 14
8 13
0 13
4 0
4 3
12 5
11 10
15 12
13 4
12 1
5 16
15 3
12 12
8 4
10 2
1 12
8 3
6 7
10 3
14 5
6 16
16 3
1 2
0 14
2 2
16 10
10 10
15 15
0 8
2 16
16 4
14 13
5 14
13 5
12 11
9 8
9 12
2 11
12 16
9 14
9 2
5 10
4 16
9 7
0 9
6 1
11 6
10 14
5 0
0 16
13 12
11 12
8 8
3 5
9 0
1 3
5 2
0 12
4 6
2 1
16 7
11 8
5 3
15 2
3 8
1 5
11 16
9 15
12 4
12 8
10 1
1 13
10 4
4 5
9 10
14 14
7 13
1 16
11 7
0 4
16 8
10 5
1 1
5 8
5 1
13 2
14 2
2 9
5 12
12 15
2 7
3 9
16 1
7 14
4 11
1 8
14 8
7 4
7 0
16 12
12 3
6 8
