16 154 3844
001001000010000
001001000010000
001000000010000
000001000011000
000001000011000
000001000011000
000001000001000
000001000011000
000001000011000
000001000000000
000001000000000
000001000000000
000001000000000
000001000000000
000001000000000
000001000000000
0000000000000000
0001000000011110
0000000000000000
0000000000000000
0000000000001000
0000000000000000
0000000000000000
0000000000000000
0000000001111111
0111110000000000
0000000000000000
1000000000000000
0000000000000000
0000000000000000
0000000111111111
9 13
1 9
3 10
3 14
3 9
9 5
8 5
2 0
0 9
10 3
2 13
10 11
9 15
13 14
8 15
0 4
9 1
3 13
11 4
1 10
7 1
6 9
13 2
10 5
8 11
1 14
7 13
1 3
3 5
10 15
7 8
15 11
6 13
15 0
8 2
9 4
11 7
8 13
8 3
5 3
3 0
11 10
10 12
6 2
5 5
12 6
5 11
10 4
13 10
9 3
2 10
12 10
8 14
9 12
12 11
5 14
9 8
5 7
13 11
13 13
10 7
14 7
3 4
13 15
6 11
3 2
8 8
9 9
12 2
11 6
10 10
4 14
9 10
0 2
0 5
4 12
7 7
13 0
13 6
4 8
11 14
1 6
7 10
4 2
1 4
14 1
6 4
10 8
6 8
0 8
14 2
3 1
15 10
0 7
6 12
0 1
2 4
6 14
6 5
6 1
13 8
6 7
15 2
12 15
6 10
2 6
15 7
8 6
14 0
5 12
15 1
12 9
7 5
2 11
9 14
5 10
5 15
2 5
5 2
14 14
11 5
11 1
15 6
10 2
10 0
2 8
1 1
14 4
14 3
3 11
9 2
15 5
3 6
12 12
6 0
7 11
12 13
10 9
10 1
4 4
15 13
0 0
1 5
3 12
8 0
4 6
15 12
14 13
14 12
13 1
6 3
8 7
15 9
3 7
