12 111 1725
00000000000
00001000000
00001000000
00001000000
00001000000
01001000000
00100000000
00000000000
00000000000
00000000000
00000000000
00000000000
001110000000
011110000000
000000000000
000000000000
000000000000
111110000000
000000000000
111111111100
100000000000
000000000000
111111111100
0 7
8 0
5 1
2 0
8 4
0 3
4 10
1 11
11 5
8 10
10 4
4 1
2 6
11 1
8 8
5 8
3 0
3 4
1 7
0 5
5 4
8 11
7 7
10 7
1 8
0 11
2 10
6 10
11 0
1 4
3 2
7 1
9 9
9 8
1 5
3 3
5 2
7 6
0 1
6 0
2 11
8 6
8 9
4 11
7 4
4 2
6 11
0 6
8 1
1 9
7 9
3 11
10 8
9 7
3 5
0 0
6 9
8 7
9 1
0 10
7 0
8 3
8 2
6 5
11 7
11 11
6 6
3 7
9 5
4 4
8 5
11 10
2 5
7 5
4 5
10 2
3 1
9 2
10 3
5 9
7 8
5 10
2 3
6 3
5 5
10 10
6 8
0 4
0 2
5 6
9 4
9 6
4 9
11 8
2 2
1 1
11 4
3 9
10 1
7 2
6 1
3 10
4 6
6 4
4 8
2 8
4 0
5 11
2 1
6 2
11 2
