10 87 891
000000100
000000100
000000100
000000100
000000100
000000000
000000000
000000000
000000000
000000000
0000000000
1111110000
0000000000
0000000001
0000000000
0000000000
0000000000
0000000000
0000000000
5 6
7 9
4 2
5 9
3 9
8 9
0 0
0 7
3 2
9 6
2 9
4 6
9 2
5 4
4 4
3 3
6 9
9 9
5 2
4 1
6 0
2 8
5 7
8 8
8 2
9 5
4 8
6 6
4 5
5 8
8 7
4 0
1 6
9 0
9 3
6 2
0 8
4 7
2 5
0 4
7 5
6 1
2 4
0 2
5 5
3 5
2 3
1 7
1 4
7 6
6 3
3 7
4 3
5 3
6 4
8 4
0 9
0 3
0 6
6 7
8 5
3 4
8 1
9 1
2 0
1 2
9 4
2 6
7 1
0 5
2 7
1 3
7 3
1 5
7 7
2 2
0 1
5 0
5 1
7 2
1 8
3 1
2 1
1 9
9 7
3 8
3 6
