16 179 4200
000001000000010
000001000000010
000000000000010
000000000000010
000000000000010
000000000000010
000000000000000
010000000000000
010000100000000
010000100000000
010000100000000
010000100000000
010000100000000
010000100000000
010000100000000
010000100000000
0000000000000000
0000000000000000
1111111110000000
0000000000000000
0000000000000000
0000000000000000
0000000000000000
0000000000000000
0000000000000000
0000000000000000
0000000000000000
0000000000000000
0000000000000000
0000000000000000
0000000000000000
9 4
14 15
13 1
12 1
9 3
4 14
9 12
4 9
10 13
8 5
6 14
2 9
10 6
8 1
14 1
12 4
14 7
12 8
8 8
7 10
1 14
1 0
4 15
7 6
8 15
8 9
5 2
13 10
1 6
0 2
11 15
12 9
8 13
0 7
10 7
3 9
0 11
10 5
15 1
2 6
14 4
3 7
5 7
11 3
2 12
10 8
15 7
15 14
7 7
6 9
7 8
14 2
2 4
12 12
8 12
11 14
1 4
13 8
3 13
13 6
4 5
11 12
13 0
11 11
1 7
11 9
5 0
0 12
13 7
13 5
5 1
11 0
8 4
1 2
11 4
14 0
5 13
6 11
13 15
13 2
9 9
6 7
5 9
12 5
4 0
3 12
6 3
3 5
10 14
8 0
9 15
6 15
4 4
12 10
3 0
0 3
2 7
15 4
12 0
15 3
10 11
8 14
2 0
15 11
1 3
4 1
1 15
14 14
14 11
14 8
12 14
13 9
4 2
6 10
12 15
10 2
0 5
4 8
6 0
5 11
7 2
4 10
11 13
12 7
7 3
1 12
3 4
6 12
4 13
9 10
15 15
10 9
3 11
9 0
11 2
4 12
10 1
11 5
10 4
1 9
11 6
9 11
1 11
1 1
5 5
0 4
6 6
9 13
3 10
12 6
2 2
5 10
2 14
2 8
14 6
7 5
6 8
8 6
8 7
11 7
9 14
10 15
15 8
2 10
14 3
4 3
6 13
0 6
7 1
13 13
9 5
10 3
0 14
1 13
6 4
2 13
13 3
2 3
15 0
