14 62 1326
0000010001011
0000010001011
0000000001011
0000000001111
0000000001111
0000000001101
0000000001101
0010000001101
0010000001101
0010000001101
0000000001101
0000000001100
0010000000100
0010000000100
00000000000000
11111000000000
00000000000000
00000000000000
00000000000000
00000000000000
00000000000000
00000000000000
00000000000000
11100111110000
00000000000000
01100000000011
00000000000000
9 11
12 12
3 8
4 13
11 3
0 4
5 13
3 0
8 13
8 8
9 8
1 7
9 2
4 2
12 11
8 12
10 5
7 7
8 3
10 13
5 8
7 4
8 7
11 4
6 7
5 11
0 9
8 5
11 2
5 4
13 10
4 6
5 6
12 6
6 11
12 4
7 8
1 6
7 12
4 11
2 12
12 7
10 12
1 9
1 1
0 7
11 8
0 2
13 0
12 5
7 9
9 4
3 13
12 3
4 12
4 10
10 3
13 6
5 9
4 7
3 11
13 2
