15 200 6303
00000110001001
00000110001001
00000110001001
00000100001001
00000100001001
00000100000001
00000100000001
00000000000000
00000000000000
00000000000000
00000000000000
00000000000000
00000000000000
00000000000000
00000000000000
000000000000000
000000000000000
000000000000000
110000000000000
000000000000000
000000000000000
000000000000000
000000000001111
000000000000000
000000000000000
000000000000000
111111111111100
000001111111111
011111111111111
11 2
4 11
1 14
9 7
9 9
12 9
10 2
13 7
8 8
14 8
6 14
4 0
13 13
0 1
4 9
5 4
10 7
2 13
5 6
5 2
4 4
9 13
3 6
10 12
5 10
0 8
0 3
0 12
3 7
7 6
12 11
0 2
8 5
11 0
8 10
11 4
0 4
7 4
4 5
11 8
1 12
9 3
11 3
9 4
13 2
7 2
4 13
9 6
6 5
6 1
9 12
10 4
8 14
8 3
14 3
9 10
0 14
7 13
11 7
5 3
12 4
9 11
7 0
2 8
6 12
8 7
14 4
7 5
10 1
10 5
5 8
1 9
0 11
10 9
7 9
4 1
8 11
4 7
10 0
4 8
6 2
2 7
11 13
14 14
12 10
1 2
12 2
4 10
8 9
14 6
6 9
8 12
8 2
5 1
10 10
14 10
7 8
3 10
14 11
11 1
3 2
3 3
11 12
12 0
3 0
5 14
1 11
6 8
8 4
1 0
6 10
13 12
9 8
0 9
7 1
8 6
9 1
13 6
12 1
14 1
10 8
2 2
14 0
2 11
1 1
12 3
3 5
0 5
2 5
4 3
4 14
0 7
0 10
0 6
5 11
2 10
1 6
2 1
0 0
3 11
13 10
11 9
10 6
4 6
5 0
1 10
13 9
8 1
11 6
5 12
2 3
8 13
14 12
6 4
2 6
3 9
3 4
10 3
10 11
8 0
13 8
12 14
6 3
13 1
5 9
12 7
14 13
5 13
0 13
2 12
9 2
12 13
6 13
14 9
3 14
6 7
13 14
5 7
12 8
2 9
6 11
7 10
3 13
13 11
1 4
2 0
14 2
11 5
1 3
13 3
14 7
12 12
5 5
1 7
2 14
3 12
13 5
9 5
11 14
14 5
