20 109 3183
0000000010000000000
0000000010000000000
0000000010000010000
0000000010000010000
0000000010000010000
0000000010000010000
0000000010000011000
0000000010000011000
0000000010100000001
0000000010100000001
0000000010100000001
0000000010100000001
0000000010100000001
0000000010100000001
0000000010100000001
0000000010100000001
0000000010100000000
0000000000000000000
0000000000000000000
0000000000000000000
00000000000000000000
00000000000000000000
00000000000000000000
00000000000000000000
00000000000000000000
00000000000000000000
00000000000000000000
00000000011111111110
00000111100111111100
00000000000000000000
00000000000000000000
00000000000000000000
00000000000000000000
00000000000000000000
00000000000000000000
00000000000000000000
00000000000000000000
00000000000000000000
00000000000000000000
4 10
11 2
7 16
8 18
7 14
16 13
14 4
15 3
11 14
7 2
0 16
8 17
10 8
0 14
1 14
6 17
5 6
3 11
1 12
15 14
11 19
16 8
13 17
12 19
7 10
9 4
2 0
9 17
15 2
11 17
13 2
7 8
9 13
15 12
18 1
1 19
18 18
4 8
19 13
16 10
10 10
12 2
11 3
14 16
7 6
4 1
10 18
0 11
4 5
12 10
9 18
18 6
18 15
14 8
19 19
14 18
18 0
5 7
13 16
15 13
10 15
15 0
2 1
12 0
6 11
2 6
3 19
12 1
0 8
17 5
5 11
11 4
3 2
16 2
11 16
7 12
6 12
12 15
19 2
8 4
4 6
9 12
1 6
11 8
0 7
12 4
10 0
8 8
14 12
19 11
2 13
4 19
3 7
16 11
17 3
12 3
8 0
2 3
16 4
5 16
16 14
1 17
11 13
18 5
10 1
19 17
13 1
3 6
5 5
