13 161 2708
000000000000
000000000000
000000000000
000000000000
000000000000
000000000000
000000000000
000000000000
000000000000
000000000000
000000000000
000000000000
000000000000
0000000000000
0000000000000
0000000000000
0000000000000
0000000000000
0000000000000
0000000000000
0000000000000
0000000000000
0000000000000
1111111000000
0000000000000
10 5
10 10
6 4
0 7
8 3
9 7
7 8
4 7
2 9
11 0
5 0
3 4
10 6
3 11
12 5
4 12
5 3
2 3
10 9
8 2
6 0
9 6
12 1
0 1
12 10
12 8
11 1
0 10
7 7
4 9
3 6
4 0
9 2
9 0
7 9
3 2
6 5
1 10
8 5
7 12
11 10
4 6
12 12
8 8
8 7
0 3
1 7
8 1
2 6
4 1
7 0
9 12
0 4
6 9
11 12
5 6
7 3
0 11
10 4
10 1
4 2
5 7
2 4
3 0
2 2
12 0
9 3
3 9
10 8
1 9
2 1
6 1
3 12
1 5
5 5
5 1
7 1
5 12
9 10
12 7
2 12
1 8
1 3
0 8
11 8
2 0
11 6
12 4
1 6
2 11
8 6
1 1
9 1
1 4
1 12
10 2
9 4
3 7
11 2
11 4
2 8
3 1
10 7
7 10
0 0
4 5
10 11
11 7
6 6
0 12
0 5
0 6
10 3
4 11
12 2
8 4
11 11
0 2
6 7
6 10
6 11
8 9
4 10
3 5
8 11
12 11
8 10
9 11
11 5
1 0
7 4
1 11
9 8
6 12
7 6
6 3
8 0
8 12
3 8
5 11
12 9
6 2
4 8
5 9
0 9
2 7
5 10
9 5
5 2
3 10
12 3
7 11
2 5
6 8
11 9
7 2
9 9
1 2
4 3
4 4
5 4
