15 127 3414
00010000000000
00110000000000
00110000000000
00111000000000
00111000000000
00111000000000
00111000000000
00111000000000
00111000000000
00111000000010
00111001000010
00111001000010
00111001000000
00111001000000
00101001000000
000000000000000
000000000000000
000000000000000
000000000000000
000000111111111
000000000000000
000000000000000
000000000000000
000000000000001
001000000000000
000000000000000
000000000001111
000000000000001
000000000000000
14 10
6 10
11 4
3 13
12 9
7 1
1 9
13 3
8 12
9 13
4 1
0 3
7 14
1 14
0 11
0 7
2 12
13 5
0 8
10 13
10 10
11 3
1 3
11 11
7 0
13 14
14 9
6 14
6 3
7 4
7 6
3 3
13 7
5 4
9 4
10 2
6 1
9 10
12 0
14 6
5 14
14 2
10 0
12 4
8 8
6 13
7 13
12 13
2 5
4 2
4 11
4 7
8 10
13 10
5 13
1 6
0 12
13 9
1 2
7 9
6 6
11 1
12 6
3 8
11 8
2 4
13 2
1 1
12 11
11 10
3 0
13 13
4 14
13 12
8 2
5 11
5 5
4 10
11 0
7 7
5 12
2 11
6 2
3 4
10 1
9 7
6 4
1 10
2 6
1 4
11 2
12 12
3 12
13 6
0 1
1 11
4 6
9 3
14 3
3 2
12 7
12 3
2 8
3 7
4 5
10 11
11 5
0 14
10 12
11 13
10 4
6 11
11 6
8 6
9 9
0 10
0 0
5 1
14 4
7 11
5 6
7 5
14 8
8 7
12 1
6 8
3 6
