19 236 7510
001010000100000010
000000000000000000
000000000000000000
000000000100100000
000000000100100000
000000000100100000
000000000100100000
000000000100100000
000000000100100000
010000000110000000
010000000110000000
010000000010000000
010000000010000100
010000000000000000
010000000000000000
010000000000000000
001000000000000000
000000000000000000
000000000000100000
0001000000000000000
0000000000000000000
0000000011111111111
0000000000000000000
0000000000000000000
0000000000000000000
0000000000000000000
0000000000000000000
0000000000000000000
0000000000000000000
0000000000000000000
0000000000000000000
0000111111111111111
0000000000000000000
0000111111111111111
1110000000000000000
0000000000000000000
0000000000000000000
1 14
18 7
18 14
15 17
9 3
11 2
18 10
1 4
2 8
13 16
3 15
11 17
1 12
11 10
16 12
7 3
11 16
2 9
10 5
2 18
7 13
0 11
1 1
17 13
5 7
14 12
4 2
16 11
5 8
0 2
7 9
2 5
8 5
8 18
8 7
15 13
13 6
9 8
4 18
17 11
2 10
0 13
18 4
16 7
6 12
13 4
13 13
1 0
14 6
17 6
6 9
9 2
13 14
17 9
8 17
18 15
15 15
0 8
5 16
12 14
7 15
12 13
18 9
8 16
8 2
8 13
18 0
16 2
12 10
11 9
9 11
13 7
12 2
8 9
15 18
12 9
6 6
5 3
4 10
4 12
2 15
16 4
17 1
12 16
15 14
0 4
1 7
15 0
9 18
7 10
6 3
0 16
14 7
6 18
12 11
17 14
4 16
18 5
7 11
10 6
17 12
15 10
14 5
11 15
10 11
18 2
11 18
5 18
4 13
1 17
3 3
15 9
6 16
12 5
18 17
1 2
18 11
2 1
5 14
6 17
10 14
12 8
17 2
15 5
3 8
15 11
0 1
8 4
8 0
17 8
14 3
7 1
9 0
16 15
13 8
12 18
4 5
9 14
13 0
14 11
7 5
6 8
1 10
6 5
16 10
18 13
15 6
18 3
2 16
11 1
17 3
4 6
18 12
9 1
6 4
11 12
0 0
5 17
3 13
17 15
4 8
10 17
5 11
7 7
15 8
0 7
0 14
2 17
6 15
18 18
0 12
16 5
12 15
7 17
8 10
1 13
9 15
14 2
1 3
10 10
10 1
11 8
18 1
11 4
10 2
3 0
17 4
3 2
3 4
9 6
10 18
12 17
13 17
5 1
2 14
8 3
14 8
15 7
15 12
10 13
16 16
11 0
11 6
10 16
2 3
4 14
12 1
4 4
5 10
18 16
4 3
5 9
1 6
6 10
12 0
12 4
9 4
4 17
9 9
0 17
2 11
5 15
5 0
3 9
9 12
16 3
13 15
5 2
4 1
7 2
12 3
11 7
17 7
8 12
0 15
5 4
