20 260 11344
0000000000000000000
0000000000000000000
0000000010000000000
0000000010000000000
0000000010000000000
0000000010000000000
0000000010000000000
0000000000000000000
0000000000000000000
0000000000000000000
0000000000000000000
0000001000000000000
0000001000000000001
0001001000000000001
0001011000000000001
0001011000000000001
0001011000000000001
0001011000000000001
0101010000000000001
0101010000000000001
00000000000000000000
10000000000000000000
00000000000000000000
00000000000000000000
00000000000000000000
00000000000000000000
00000011111111111111
00000000111111111111
00000000000000000000
11111111111111000000
11111111111100000000
00000000000000000000
00110000000000000000
00000000000011111110
00000000000000000000
00000000000000000000
00001000000001111110
00000000000000000000
00100000000000000000
0 17
4 5
2 8
16 18
7 10
1 2
6 2
1 7
0 9
13 16
13 8
12 9
0 0
3 13
10 10
10 2
1 14
17 10
19 18
10 7
4 19
13 3
19 8
6 3
13 5
8 14
19 9
6 12
6 18
19 3
10 19
8 2
0 16
15 1
14 9
1 1
5 14
14 0
2 5
13 17
0 11
8 3
15 18
16 14
15 5
3 10
18 1
11 3
11 4
13 10
19 14
9 15
10 6
11 16
6 14
17 8
17 12
14 18
8 6
3 14
4 8
9 17
11 6
1 19
16 4
11 18
5 15
8 7
18 11
0 3
16 15
15 7
6 4
1 16
9 10
8 17
1 4
17 19
19 6
7 5
5 7
1 5
11 14
16 17
7 17
5 8
6 19
15 19
0 8
17 14
18 0
18 12
7 12
3 2
17 15
7 15
10 12
3 9
3 17
12 1
9 5
15 9
13 13
1 13
8 18
11 9
11 1
8 4
19 7
10 5
4 14
9 19
9 12
5 2
14 12
8 13
16 13
0 6
17 6
4 12
12 5
5 6
5 18
13 7
17 16
9 0
15 12
8 1
16 3
7 19
7 1
8 15
12 12
18 5
3 16
12 6
11 2
14 14
1 0
15 11
0 18
8 19
19 1
8 5
16 9
12 16
17 11
4 6
7 16
5 12
2 19
19 11
14 4
10 13
8 12
7 14
12 3
2 16
0 5
6 10
13 4
4 11
4 2
13 2
2 13
4 13
16 5
1 15
1 3
2 11
15 3
18 6
16 11
3 1
11 5
7 11
2 14
7 6
13 12
10 11
12 17
0 4
18 9
12 14
15 10
3 3
19 15
7 8
8 9
0 13
19 13
4 4
0 1
18 18
9 6
13 18
6 16
1 11
12 13
15 14
11 7
15 13
6 6
3 18
14 8
10 3
10 17
15 2
14 1
6 9
5 5
16 2
17 4
9 4
4 10
2 15
1 12
12 2
10 14
4 17
3 12
17 7
10 4
8 8
5 11
7 0
10 18
19 16
8 10
2 7
9 9
18 4
2 6
9 14
4 3
2 3
18 13
18 2
1 8
4 18
7 7
18 17
14 11
17 13
1 17
6 8
3 19
16 7
16 1
18 16
14 15
18 8
0 2
6 0
15 4
8 16
12 7
18 7
13 1
2 10
