19 301 7533
000000000000000000
000000000000000000
000000000000000000
000000000000000000
000000000001000000
000000000001000000
000000000001000000
001000000001000000
001000000001000000
001000000001000000
001000000001000000
001100000001000000
001100000001000000
001100000001000000
001100000001000000
001100000001000000
001100000001000000
001100000001000000
001100000001000000
0000000000000000000
0000000000000000000
0000000000000000000
0000000000000000000
0000000000000000000
0000000000000000000
0000000000000000000
0000000000000000000
0000000000000000000
0000000000000000000
0000000000000000000
0000000000000000000
0000000000000000000
0000000000000000000
0000000000000000000
0000000000000000000
0000000000000000000
0000000000000000000
3 5
1 18
8 16
13 12
7 10
7 9
11 11
5 1
5 5
18 2
8 3
18 9
17 9
12 7
18 7
6 14
11 3
18 1
3 0
7 1
16 4
7 15
15 9
15 13
3 4
14 6
18 14
1 4
9 12
16 0
15 11
17 5
11 8
8 15
1 12
3 8
7 8
4 13
8 11
10 10
7 12
13 1
18 13
2 5
7 0
10 14
2 0
2 12
18 8
16 5
7 5
15 17
1 11
3 1
4 7
4 8
3 2
9 0
11 4
1 10
6 4
15 8
1 16
11 13
2 15
18 3
18 6
15 14
10 0
7 14
2 7
3 6
13 15
12 2
15 6
14 1
10 9
2 17
16 11
4 15
8 1
6 12
12 15
14 9
11 0
10 1
9 11
0 13
17 2
13 10
17 14
7 7
4 9
5 16
12 6
4 6
10 18
13 3
13 9
12 10
8 0
16 14
2 6
4 1
6 17
18 15
0 16
6 0
14 5
6 9
3 17
2 10
5 15
9 2
5 3
5 17
9 6
17 18
11 16
11 5
0 11
6 18
0 2
15 4
10 2
0 1
3 14
13 18
3 13
10 3
11 15
3 12
1 17
17 17
16 7
17 6
13 16
8 4
2 3
3 10
8 13
17 16
9 17
18 10
4 10
15 18
10 7
6 15
15 3
12 17
0 0
6 1
16 13
6 13
0 17
5 11
12 13
4 4
8 7
1 7
8 14
17 12
14 0
0 10
10 8
0 15
15 0
12 4
18 17
5 4
4 17
17 4
1 9
8 12
8 9
14 12
17 10
18 12
4 11
0 18
12 18
14 15
14 13
11 1
5 8
0 8
1 15
1 0
5 9
4 0
10 11
7 13
6 7
4 5
1 14
14 11
11 2
14 17
12 12
11 14
8 2
8 8
11 12
16 18
11 18
17 0
7 3
18 16
2 8
8 10
6 6
0 14
16 2
15 16
5 14
3 9
1 5
14 2
6 8
9 5
0 6
8 5
16 15
10 13
16 8
2 18
17 13
1 8
17 15
3 16
13 6
9 14
10 6
11 7
5 0
7 6
3 3
18 4
16 10
11 6
13 7
17 1
4 3
7 4
14 3
17 11
11 10
16 16
12 14
13 11
12 8
2 14
5 10
0 12
18 5
7 18
12 5
15 5
15 10
15 1
16 12
13 13
16 3
10 4
9 8
10 5
8 6
7 11
2 4
14 18
9 1
12 0
3 18
9 15
1 2
1 13
11 9
7 17
6 16
5 13
2 2
6 5
6 10
15 2
12 3
1 6
6 2
9 7
9 13
16 9
18 0
17 7
11 17
4 16
0 9
14 7
12 1
13 5
4 14
16 6
5 7
