14 110 3295
0000000111000
0001001011000
0001001011000
0001001011001
0001001011000
0001001011000
0001001001000
0001001000000
0001001000000
0001001000010
0001001000010
0001001000010
0001001000010
0001001000010
00000000000000
00000000000000
00000000000000
00000000000111
00000000000000
00000000000000
00000000000000
00000000000000
00000000000000
00000000000000
00000000000000
00000000000000
00010000000000
8 0
4 6
12 8
11 4
6 1
7 4
11 7
8 9
0 10
7 0
6 3
9 3
4 5
2 9
2 1
0 3
11 0
1 5
11 2
6 8
3 6
8 13
10 12
6 11
0 11
3 8
5 7
4 3
13 4
1 3
11 10
12 13
4 12
2 12
0 5
13 6
2 10
4 10
7 11
13 3
12 11
1 6
4 7
3 13
12 9
1 7
10 13
5 8
7 9
8 3
9 6
11 12
2 5
13 0
10 11
9 9
4 1
13 13
1 2
11 6
2 11
0 1
1 10
9 1
5 11
11 13
13 2
0 12
9 12
5 12
12 5
6 6
6 4
5 3
9 0
13 11
6 0
3 4
4 4
5 2
2 4
8 2
5 9
12 10
10 1
4 0
0 0
10 9
5 6
1 9
10 8
0 13
10 0
12 2
10 4
7 6
4 2
13 9
3 1
1 8
13 7
2 6
13 12
2 2
7 2
1 1
9 4
0 2
2 7
3 0
