20 393 11152
0000000100001000010
0000000000001000010
0000000000001000010
1000000000001000000
1000000000001001000
1000000000001001100
1000000000001000000
1000000000000000000
1000000000000000000
1000000000000000000
1000100000000000000
0000001100000000000
0000001100000000000
0000001100001000000
0000001100000000000
0000001100100000000
0010000100100000000
0010000000000000000
0010000000000000000
0010000000000000000
00000000000000000000
00000000000000000000
00000000000000000000
00000000000000000000
00000000000000000000
00000000000000001111
00000000000000000000
00000000000000000000
00000000000000000000
00000000000000000000
11111111111111110000
00000000111111111110
00000000111111111100
00000000000000000000
00000000111111100000
00000000000000000000
00000000000000000000
00001111111111111111
00000000000000000000
8 12
0 2
18 13
11 8
2 9
4 15
1 13
18 14
6 16
9 17
8 8
11 14
14 11
12 13
12 15
18 19
6 0
3 11
11 17
10 6
3 8
10 13
0 8
2 2
18 7
14 16
9 5
13 17
6 14
16 0
14 19
11 5
7 11
8 17
18 8
19 15
17 13
13 10
9 0
3 18
17 14
17 7
0 3
1 6
15 15
3 5
13 16
12 5
19 14
0 18
1 8
15 11
9 2
0 14
9 7
0 0
6 10
2 4
9 19
18 15
4 16
2 15
16 14
10 14
9 9
4 18
9 16
11 10
3 3
12 6
5 14
0 12
3 17
3 0
2 0
2 1
17 6
4 1
18 12
7 0
17 2
14 8
7 14
15 14
7 10
18 18
5 3
14 12
6 11
4 12
0 16
5 8
19 1
16 8
17 0
15 1
6 6
0 4
11 12
14 0
13 1
2 12
17 15
17 1
12 18
15 17
4 6
5 6
8 4
4 14
12 3
1 4
10 5
4 10
16 15
11 7
18 9
11 13
8 9
16 17
0 13
14 15
4 3
12 12
18 3
19 9
11 3
6 8
2 11
13 14
12 16
9 1
5 12
6 18
18 10
9 13
13 3
15 16
16 4
8 1
18 17
19 12
10 19
5 18
19 4
7 1
5 17
13 11
19 6
15 10
15 8
13 5
13 4
19 13
12 9
4 19
16 13
12 11
7 12
1 5
17 3
14 5
13 9
14 13
3 4
11 9
12 10
14 7
8 18
12 1
7 6
17 11
16 7
9 18
0 9
10 2
1 17
14 14
7 16
13 0
10 8
1 0
17 16
6 15
6 5
3 6
15 4
19 18
1 15
11 15
8 6
10 9
19 0
5 4
0 17
11 19
17 19
16 3
12 7
16 10
7 2
14 18
6 9
19 17
19 19
12 17
15 2
9 6
16 11
18 11
3 16
11 0
3 19
16 19
19 2
2 16
10 3
15 18
8 11
9 10
5 10
1 9
6 12
12 0
5 16
17 18
16 18
5 7
2 17
6 17
5 9
3 9
11 1
18 16
7 17
0 1
0 7
8 15
4 13
13 2
18 0
10 7
15 13
10 17
1 7
3 13
7 4
10 11
6 13
16 6
8 16
14 17
18 4
1 3
6 2
18 1
1 1
2 8
2 7
17 10
1 19
5 13
11 16
9 4
8 13
8 7
17 4
3 1
3 10
17 12
10 10
9 3
6 4
7 13
15 0
11 11
9 8
19 5
11 6
6 3
12 4
0 19
2 5
16 12
14 2
18 5
16 16
4 9
13 12
6 7
12 19
17 17
11 18
10 16
19 3
10 0
0 15
2 19
1 14
5 19
17 9
4 7
4 17
8 5
13 18
4 5
16 5
6 19
4 11
4 0
16 9
14 9
10 18
19 16
9 14
14 6
3 12
0 10
13 15
2 13
1 11
15 7
12 8
14 4
5 15
2 18
16 2
4 2
7 7
2 14
9 15
13 8
11 2
8 10
7 9
7 18
8 0
14 1
13 6
4 4
5 1
1 10
13 7
3 15
19 11
13 19
11 4
1 2
10 12
14 10
7 3
18 6
15 6
4 8
13 13
10 15
1 12
2 3
19 10
0 11
15 19
14 3
15 9
0 5
19 7
2 10
18 2
1 18
9 11
15 5
9 12
15 3
3 14
0 6
10 1
8 2
1 16
19 8
15 12
7 8
7 15
17 5
5 2
12 14
12 2
7 19
3 2
10 4
8 19
5 11
17 8
2 6
8 14
