17 101 2769
0010000000001000
0010000000001000
0010001000001000
0010001000001000
0010011000001000
0110011000001000
0110011000001000
0110011000001000
0110011000001000
0110011000001000
0110011000000000
0110111000000000
0110111000000000
0100111000000000
0100100000000000
0100100000000000
0000100000000000
00000000000000000
00000000000000000
00000000000000000
00000000000000000
00000000000000000
00000000000000000
00000000000000000
00000000000000000
00000000000000000
00000000000000000
00000000000000000
00000000000000000
00000000000000000
00000011111111111
00000000000000000
11100000000000000
6 13
15 4
2 6
4 4
8 2
16 14
1 2
0 2
9 2
3 13
5 0
10 6
11 13
3 2
6 14
5 2
3 6
5 13
13 3
12 11
14 14
5 10
15 6
1 9
7 7
0 14
5 15
8 1
12 6
8 5
16 7
9 8
7 10
10 7
9 11
11 4
8 9
12 4
6 6
4 14
9 4
1 0
15 13
6 7
2 11
16 4
4 7
12 0
12 12
13 0
9 6
8 7
3 1
9 5
0 12
2 5
14 2
14 10
8 6
1 5
6 2
10 3
0 5
0 11
9 7
14 11
1 4
15 11
14 13
1 8
14 9
16 6
5 11
9 9
16 1
2 2
15 1
3 4
4 2
10 16
13 4
0 7
1 6
2 14
7 13
15 3
7 8
14 8
6 10
16 3
12 1
14 7
5 8
3 9
11 5
11 10
1 14
6 9
9 3
5 5
14 16
