17 249 5727
0000000000010100
0000000000010100
0000000000010100
0000000000010100
0100000000000100
0100000000000000
0100000000000000
0000000000000000
0000000000001000
0000000000001000
0000000000001000
0000100000001000
0000100000101000
0000000000001000
0000000000001000
0000000001001000
0000000000001000
00000000000000000
00000000000000000
00000000000000000
00000000000000000
00000000000000000
00000000000000000
11111000000000000
00011111111110000
00000000000000000
00000000000000000
11111111110000000
00000111111100000
10000000000000000
00000000000000000
00111111111110000
11110000000000000
16 8
12 9
4 4
3 15
11 9
10 0
4 16
8 10
14 2
9 9
7 3
13 13
3 14
4 10
2 15
5 13
12 16
3 9
1 6
3 5
10 2
14 9
4 14
4 8
7 9
5 3
10 7
10 13
11 16
10 1
16 6
1 16
4 6
4 13
8 15
13 12
13 5
11 5
2 12
5 7
9 16
7 1
9 11
10 4
9 1
3 6
16 0
6 14
9 4
1 5
5 0
2 3
13 1
7 12
0 8
5 10
5 8
9 10
2 8
0 4
10 10
10 6
1 0
2 6
8 5
0 10
0 13
2 10
6 4
10 5
1 14
5 1
14 0
12 1
12 4
0 3
3 13
9 6
9 2
8 12
3 4
16 16
13 8
2 5
13 7
6 15
2 16
7 5
5 12
5 9
3 10
6 10
11 8
12 3
15 8
5 5
11 10
12 6
0 1
5 2
14 13
8 4
3 16
15 16
15 0
9 0
8 2
0 7
12 15
10 15
16 4
5 4
8 7
11 2
15 5
2 7
15 9
7 7
16 9
8 14
16 14
15 6
1 10
3 2
9 15
6 11
13 0
6 13
7 11
11 6
11 13
5 16
16 7
8 11
1 11
11 15
1 12
16 15
11 14
15 13
15 12
12 8
14 4
13 9
4 15
12 13
7 6
4 12
3 12
2 1
12 10
8 0
11 0
16 12
15 3
6 9
6 8
16 3
9 12
8 1
4 0
6 1
14 3
5 6
15 1
7 13
0 16
3 8
0 15
0 11
11 1
8 3
5 14
15 7
3 11
3 7
0 5
14 15
8 6
8 16
4 3
10 12
0 9
10 9
10 8
13 10
5 11
6 16
12 11
10 3
12 7
16 5
7 0
7 16
14 8
7 2
11 4
14 6
12 0
2 13
3 0
7 15
14 1
1 1
2 9
9 5
8 13
2 14
12 5
6 2
9 13
6 12
2 0
9 7
15 14
11 7
6 3
11 3
0 12
1 9
10 16
13 2
13 11
11 11
1 2
11 12
12 2
4 9
16 2
1 3
2 2
16 13
9 14
1 4
3 3
13 14
2 11
8 9
9 3
0 0
16 10
7 4
13 16
14 11
5 15
12 14
12 12
7 14
14 7
