11 115 1027
0000000001
0000000000
0000000000
0000000000
0000001000
0000001000
0000001000
0000001000
0000001000
0000001000
0000001000
00000000000
00000000000
00000000000
00000000000
00000000000
00000000000
00000000000
00000000000
00000000000
00000000000
10 8
3 9
6 3
4 9
1 10
8 0
3 1
8 10
9 7
8 3
10 3
8 8
1 8
0 3
0 2
6 0
6 5
9 10
5 0
2 2
6 8
9 6
0 1
1 6
3 0
5 5
6 9
1 2
8 9
4 1
3 2
2 6
3 6
6 10
5 6
6 1
0 4
4 6
2 4
4 5
3 5
5 4
7 7
10 7
10 0
2 5
1 1
5 8
8 1
10 6
4 4
3 10
10 9
9 0
8 7
0 6
1 7
7 2
4 7
1 9
10 10
0 0
10 2
9 1
1 3
10 5
4 8
7 5
2 0
3 8
0 10
9 8
5 3
4 3
2 7
2 9
7 4
5 1
5 9
2 10
0 5
9 3
7 8
6 7
0 8
7 6
9 4
8 2
2 8
1 4
6 2
7 3
4 0
8 5
9 9
5 10
3 4
3 3
2 3
2 1
5 2
10 4
7 0
7 10
6 6
7 9
8 4
5 7
4 2
9 2
3 7
0 7
6 4
1 5
7 1
