14 195 3348
0000000000000
0000000000000
0000000000000
0000000100000
0000010100000
0000010100000
0000010100000
0000000100000
0000000100000
0000000000000
0000000000000
0000000000000
0000000000000
0000000000000
00000000000011
00000000000011
00000000000000
11111100000000
00000000000000
00000000000000
00000000000000
00000000000111
11111111110000
00000111111111
00000000000000
00000000000000
00000000000000
9 8
0 1
1 2
7 4
7 13
3 5
11 7
5 12
4 11
11 0
4 7
1 11
5 9
2 7
13 7
13 1
3 4
9 4
9 0
0 2
10 6
13 6
2 1
0 4
12 0
7 10
1 7
11 13
9 12
2 0
7 8
4 13
6 8
6 12
1 6
4 12
13 9
9 7
1 12
12 11
10 7
6 1
11 3
2 10
6 10
9 13
10 9
5 0
3 13
12 2
8 6
5 10
13 12
5 5
3 10
12 4
2 6
6 11
7 6
0 5
5 1
7 12
8 2
12 13
5 11
1 8
5 8
11 6
0 0
8 11
2 11
6 9
2 4
12 9
1 0
10 4
4 6
11 10
11 8
4 10
12 7
0 12
0 11
8 13
9 1
10 12
5 7
11 2
12 1
10 3
7 5
10 5
6 4
11 4
12 6
9 2
0 9
8 5
5 3
8 9
10 2
12 10
13 10
6 13
8 12
3 12
1 10
13 0
13 13
5 2
10 8
3 8
5 4
10 10
2 3
4 8
8 1
10 1
8 0
0 8
4 1
12 8
1 3
9 3
11 9
11 12
4 9
1 4
8 8
6 5
8 3
0 3
3 11
6 6
11 1
3 3
3 2
3 7
2 12
13 5
6 2
8 10
7 2
2 2
3 1
7 7
13 2
7 11
1 13
7 3
6 7
12 3
11 11
3 6
4 4
12 5
3 0
6 3
9 9
2 9
2 8
7 9
11 5
6 0
0 6
7 1
2 13
5 6
10 11
13 3
4 0
5 13
8 7
3 9
9 5
9 10
10 0
9 6
9 11
12 12
10 13
1 1
13 11
1 5
7 0
4 2
0 10
4 5
13 8
2 5
0 13
8 4
4 3
13 4
0 7
