18 143 2722
00000100000000000
00000100000000000
00000100000000000
00000100000000000
00000100000000000
00000100000000000
00000100000000000
00000100000000000
00000100000000000
00000100000000000
00000100000000000
00000100000000000
00000100000000000
00000100000000000
00000100000000000
00000100000000000
00000000000000000
00000000000000000
000000000000000000
100000000000000000
000000000000000000
000000000000000000
000000000000000000
000000000000000000
000000000000000000
000000111111100000
000000000000000000
000000000000000000
100000000000000000
011111000000001111
000000000000000000
000000000000000000
000000000000000000
000000000000000000
000000000000000000
5 13
13 7
7 6
16 4
14 7
3 7
7 10
9 15
8 2
7 17
0 11
6 14
11 6
15 0
12 0
3 3
6 1
7 7
14 2
1 3
1 16
1 8
9 1
5 14
1 9
12 3
1 11
14 0
2 4
11 13
12 1
2 14
7 2
5 16
8 10
2 1
17 4
1 6
1 12
11 2
17 12
10 10
16 12
3 5
9 9
10 17
10 9
8 3
0 10
13 12
17 15
17 6
17 17
9 8
4 4
3 1
6 2
8 6
17 1
2 0
4 17
13 6
9 5
0 4
3 11
2 11
10 13
5 8
2 15
13 13
0 15
14 15
8 13
4 11
14 9
15 12
12 16
6 5
5 12
13 4
4 5
7 11
2 12
16 13
1 14
4 13
5 10
5 4
9 13
13 14
8 9
3 15
3 17
2 16
11 3
15 3
6 12
15 2
13 9
0 3
17 3
10 11
10 8
1 10
6 3
9 17
6 6
12 11
6 9
7 1
6 4
4 15
2 9
8 16
15 6
16 7
13 3
14 11
0 6
16 11
14 1
15 1
10 0
0 14
7 0
14 12
12 8
11 10
16 9
8 7
0 9
9 6
7 15
15 15
4 6
10 5
5 0
3 0
15 17
11 8
13 17
14 16
2 7
