16 256 4859
000000000000000
000000000000000
000000000000000
000000000000000
000000000000000
000000000000000
000000000000000
000000000000000
000000000000000
000000000000000
000100000000000
000100000000000
000100000000000
000000000000000
000000000000000
000000000000000
0000000000000000
0000000000000000
1111110000000000
0000000000000000
1111110000000000
0000000000000000
0000000000000000
0000000000000000
1111100000000000
1111000111111111
0000000000000000
0000000000000000
0000000000000000
0000000000000000
0000000000000000
0 1
7 13
13 4
0 6
8 9
14 0
5 13
1 1
1 10
4 0
5 10
1 11
3 5
2 9
7 8
14 7
9 14
5 5
15 7
2 12
4 11
15 5
7 6
14 9
0 2
12 8
0 12
13 2
3 15
10 10
5 0
14 13
4 1
0 13
8 2
8 4
14 5
0 7
11 5
11 0
4 7
9 13
3 8
3 14
14 4
2 7
0 3
15 13
7 15
2 10
6 14
6 7
10 14
8 3
1 4
4 13
9 2
14 11
11 14
15 14
10 2
8 0
1 14
5 14
13 1
7 5
13 15
3 13
0 9
0 5
13 5
5 15
10 12
0 4
12 10
3 10
2 15
8 11
12 9
3 9
15 4
12 0
5 3
1 0
1 9
4 6
2 6
10 15
12 11
3 2
14 6
6 9
15 8
12 14
9 11
6 3
2 14
5 7
2 3
13 12
8 12
14 10
12 13
9 0
15 12
14 3
12 15
4 2
15 1
2 11
14 15
3 12
11 8
2 2
5 8
10 4
11 12
4 3
15 10
10 1
7 0
5 1
4 10
15 6
6 2
4 15
9 12
8 6
11 13
4 8
3 0
14 8
0 14
11 9
10 6
11 2
15 2
1 13
2 0
1 7
2 8
8 7
12 7
2 4
6 15
12 3
11 4
11 15
7 11
12 5
5 6
9 5
0 0
0 15
14 12
15 3
1 5
6 1
13 8
1 3
13 9
0 11
14 2
12 1
3 4
9 10
6 5
7 1
3 6
3 1
9 6
3 3
2 5
11 6
13 14
12 4
10 8
6 6
8 5
13 6
4 5
7 3
8 10
15 9
7 7
5 11
9 15
14 14
13 13
6 10
10 0
6 8
1 2
14 1
3 7
1 12
7 9
2 13
6 13
11 1
6 12
6 11
10 7
1 15
3 11
9 9
7 14
0 10
5 2
13 7
15 15
10 9
2 1
8 1
11 3
8 15
7 2
11 11
10 11
15 11
11 7
10 3
7 12
12 2
7 4
15 0
9 4
9 7
10 5
4 9
8 14
8 13
8 8
13 0
1 6
6 4
7 10
13 11
5 4
11 10
4 4
9 3
1 8
12 12
9 8
13 10
13 3
0 8
10 13
9 1
4 12
12 6
5 12
4 14
6 0
5 9
