14 130 2946
0001000000000
0001000000000
0001000000000
0001000000000
0001000000000
0001100000000
0101110000000
0101110000000
0101110000000
0101100000100
0101100000100
0101100000100
0101100000100
0100100000100
00000000000000
00000000000000
00000000000000
00000000000000
11100000000000
00000011111111
00000000000000
01000000000000
00000000000000
00000000000110
00000000000000
00000000000000
00000000000000
4 8
7 10
7 13
3 2
7 5
10 3
8 8
6 8
0 7
7 6
11 10
9 8
12 11
8 2
8 6
0 5
13 8
5 9
11 6
9 1
5 8
1 3
13 13
5 0
1 0
12 5
3 5
3 7
2 4
10 7
10 10
0 12
0 4
5 7
2 3
6 0
7 0
13 5
4 5
0 8
1 4
2 13
7 4
0 9
0 6
0 11
7 7
3 4
1 2
0 13
11 13
6 5
8 3
4 6
4 1
10 4
7 9
3 0
2 0
4 0
6 12
4 12
6 4
12 6
0 3
2 5
1 13
1 1
1 11
4 7
7 1
2 1
13 4
9 6
3 11
8 13
1 12
11 12
12 7
0 2
2 8
11 9
10 6
3 8
8 7
6 3
11 0
13 3
6 2
4 4
0 1
2 2
3 10
1 6
3 9
11 5
13 2
6 6
4 3
1 10
2 10
8 12
2 9
10 0
8 10
10 9
10 2
4 9
5 5
12 10
3 3
5 12
7 8
12 8
11 2
11 7
2 7
10 13
11 3
2 6
0 10
9 5
3 13
9 2
1 9
12 2
2 12
8 9
8 0
9 10
