10 78 923
100100000
100100000
000101000
000101000
000101000
000001000
000001000
000001000
000001000
000001000
0000000000
0000000001
0000000000
1110000000
0000000000
0000000000
0000000000
0000000011
1100010011
5 1
2 1
6 9
3 9
6 1
5 9
3 2
5 5
5 3
2 9
7 3
5 4
4 5
2 2
7 9
4 6
2 4
1 8
9 8
0 3
4 2
5 0
0 0
7 5
4 7
9 9
5 6
1 6
7 1
2 6
4 4
0 5
1 9
3 0
6 3
3 4
2 8
0 9
2 0
8 9
0 8
9 1
7 4
7 2
8 1
0 7
1 5
6 0
6 5
3 6
4 1
8 7
0 2
8 2
9 2
9 3
9 0
5 7
4 9
2 5
8 4
2 3
1 7
7 6
6 4
9 6
6 2
3 5
4 8
6 7
7 7
1 2
1 1
9 5
5 2
1 0
0 4
3 7
