15 39 853
00000000000000
00000000000000
00000000000000
00000000000000
00000000000000
00000000001000
00000000001000
00000000001000
00000000001000
00000000001000
00000000001000
00000000001000
00000000001000
00000000001000
00000000001000
000000000000000
000000000000000
111111000000000
000000000000000
000000000000000
111100000000000
000000000000000
111111111000000
000000000000000
000000000000000
000000000000000
000000000000000
000000000000000
000000000000000
10 5
11 12
13 7
6 13
10 12
7 2
1 14
4 2
6 9
14 4
0 6
6 12
14 13
4 11
2 10
13 4
11 14
11 8
2 3
0 10
9 9
12 7
9 3
8 1
8 0
7 13
0 14
8 7
2 5
9 2
5 7
12 11
3 14
11 6
14 12
9 1
4 7
0 13
14 9
