13 142 1990
000000001000
000000001000
000000001000
000000000000
000000000010
000000000010
000000000010
000000000010
000000000010
000000010010
000000010010
000000010010
000000010010
0000000010000
0000000000000
0000000000000
0000000000000
0000000000000
1000000000000
0000000000000
1100000000000
0000000000000
0000000000001
0000000000000
0000000000000
12 2
2 9
4 10
12 8
12 6
3 11
4 1
2 6
1 5
11 1
2 5
6 3
0 6
6 5
12 9
7 8
10 4
4 0
2 3
8 7
5 9
11 11
8 12
3 7
7 10
1 7
9 12
5 11
4 3
10 2
10 10
3 3
7 6
6 11
8 1
8 6
0 12
10 7
0 10
10 1
5 12
4 12
3 2
0 11
0 9
9 7
7 2
12 0
9 0
9 3
12 1
11 8
7 12
0 1
9 1
3 0
1 1
10 5
12 10
7 11
4 4
3 1
7 1
6 8
9 6
6 7
3 5
5 7
3 4
5 8
11 9
6 6
3 10
11 6
2 7
7 3
9 2
5 4
4 2
8 4
6 1
4 9
1 2
12 7
5 1
5 3
4 11
11 0
5 2
10 9
7 0
9 5
3 9
12 3
0 0
2 12
7 4
8 9
1 10
8 3
6 10
0 3
10 11
3 6
11 10
0 5
2 1
10 0
3 12
8 0
1 3
4 5
2 2
9 8
4 6
6 4
6 9
7 9
2 8
1 8
6 12
1 4
11 12
0 7
2 11
5 6
5 0
1 0
4 7
9 4
12 4
12 5
2 0
11 4
9 11
6 2
11 7
9 9
11 3
9 10
10 6
2 4
