15 127 5101
00100001100001
00100001100001
00100011100001
00100011100001
00100011100001
01100011000001
01100011000000
01100011000000
01100011000000
01100011001000
01100010010000
01000010000000
01000010000010
01000010000010
01000010000010
000000000000000
000000000000000
000000000000000
000000000000000
000000000000000
000000000000000
000000000000011
000000000000111
000000000000000
000000001111110
000000000000000
000000000000000
000000000000000
000000000000000
8 11
11 6
6 13
14 3
0 13
9 6
4 14
7 8
0 9
4 9
6 9
12 9
8 10
13 3
9 1
8 6
11 10
1 2
7 11
3 10
11 8
13 11
11 1
9 9
13 1
0 12
11 12
8 5
13 7
2 5
13 2
12 14
10 12
8 14
8 3
5 11
11 5
1 5
8 12
4 10
5 8
2 1
14 1
8 8
10 1
14 12
2 14
10 4
14 10
7 10
13 8
14 14
12 1
12 11
12 4
11 2
1 14
2 3
5 3
9 11
12 8
3 1
6 3
8 4
1 8
4 13
4 7
6 14
3 11
7 9
14 6
3 9
4 1
0 0
14 2
0 5
14 7
14 8
6 4
6 11
5 6
13 13
6 2
2 13
0 8
1 3
7 5
10 2
4 3
1 7
2 7
9 8
12 13
13 6
10 10
12 7
14 4
3 7
0 2
5 7
8 9
5 1
5 2
2 6
13 9
2 4
14 5
14 13
1 13
9 3
9 0
1 10
6 10
9 7
8 2
8 13
2 10
3 3
12 10
2 12
8 1
3 4
7 3
9 10
11 0
8 7
10 5
