13 47 1003
000000000000
000000000000
000000000000
000000000000
100100000000
100100000000
100100000000
100100000000
100100000000
100100000000
100100100000
100100100000
100100100000
0000000000000
0000000000000
1111111011111
0000000000000
0000000000000
0000000000000
0000000000000
0000001111111
0000000000000
0000000000000
0000000000000
0000000000000
3 3
5 10
11 10
1 3
12 11
5 3
8 6
1 2
7 7
8 8
9 1
1 1
5 12
8 9
9 3
10 9
1 6
4 8
7 2
12 7
10 4
0 7
2 11
2 0
6 6
2 5
6 1
9 4
10 3
9 12
6 8
4 4
11 5
4 6
1 7
8 10
10 10
11 3
11 1
7 9
10 8
9 9
4 12
11 8
2 4
0 1
5 4
