14 79 1394
0001000000000
0001000000000
0001000000000
0001000000000
0001000000000
0001000000000
0001010000000
0001010000000
0001010000000
0000010000000
0000010000000
1000010000000
1000010000000
1000010000000
00000000000000
00000000000000
00000000000000
00000000000000
00000000000000
00000000000000
00000000000000
00000000000000
00000000000000
00000000000000
00000000000000
00000000000000
00000000000000
5 5
10 8
10 9
3 10
9 2
8 6
4 12
13 4
6 2
11 8
12 7
0 0
13 2
9 0
4 9
9 4
0 6
5 0
0 7
8 5
3 5
2 4
1 8
6 12
10 10
1 7
11 4
6 1
5 12
11 1
5 9
8 10
12 5
9 7
2 8
11 6
5 8
3 13
10 7
0 9
13 0
12 13
8 3
2 12
4 8
13 6
11 11
8 9
4 2
5 2
9 12
2 2
3 1
8 8
5 7
13 3
7 12
7 0
12 3
0 5
9 13
7 11
7 5
12 0
12 12
12 11
11 7
2 7
4 0
5 1
10 1
12 9
4 10
11 2
10 5
6 5
1 4
13 1
11 9
