15 46 1349
00000000000000
00000000000000
00000000000000
00000000000000
00000000000000
00000000000000
00000000000010
00000000000010
00000000000010
00000000000010
00000000000010
00000000000010
00000000000010
00000000000010
00000000000010
000000000000000
000000000000000
000000000000000
000000000000000
000000000000000
011111111111100
000111111111100
000000000000000
000000000000000
000000000000000
000000000000000
110000000000000
000000000000000
000000000000000
5 1
4 1
12 14
12 2
6 8
3 6
2 8
11 5
14 6
2 1
4 2
2 0
14 9
14 13
10 8
7 0
9 4
8 14
13 4
8 1
14 5
6 11
0 10
13 2
11 14
6 14
6 9
6 10
10 4
5 8
2 3
4 11
13 8
13 11
3 10
8 9
5 12
9 14
2 12
14 0
0 8
0 5
11 7
10 2
3 0
2 2
