18 72 2639
00000000000000000
01000000000000000
01000000000000000
01000000000000000
01000000000000000
01000000000000000
01000000000000000
01000000000000000
00000000000000000
00000000000000000
00000000000000000
00000000000000000
00000000000000000
00000000000000000
00100000000000000
00100001000000000
00100001000000001
00100001000000001
000000000000000000
000000000000000000
000000000000000000
000000000000000000
100000000000000000
000000000000000000
000000000000000000
001111111111111111
000000111111111111
001111111111111111
000000000000000000
000000000000000000
000000000000000000
000000000000000000
000000000000000000
000000000000000000
000000000001111110
0 15
13 5
17 11
10 3
3 13
0 5
12 0
8 3
5 16
13 2
7 12
14 1
1 17
17 7
16 16
13 0
6 6
6 11
1 5
9 7
7 3
10 13
16 5
0 14
13 7
8 6
6 16
6 8
15 7
15 11
8 4
6 5
6 0
17 3
10 10
9 14
3 1
12 5
0 8
15 10
7 2
11 12
6 9
10 14
4 0
14 17
1 0
5 2
3 17
10 9
10 12
4 5
8 16
11 13
2 9
7 13
11 4
12 8
15 12
5 17
6 14
5 0
7 4
17 12
5 4
13 17
15 16
9 1
2 1
1 14
13 4
2 16
