19 44 1575
000000001000000000
000000001000000000
001000001000000000
001000001000000000
001000001000000000
001000000000000000
000000000010000000
000000000010000000
000000000010000000
000000000010000000
000000010010000000
000000010010000000
000000010010000000
000000010010000000
000000010010000000
000000010010000000
000000010010000000
000000010010000000
000000010010000000
0000000000000000000
0000000000000000000
0000001110000000000
0000000000000000000
0000000000000000000
0001111111111000000
0000000000000000000
0000000000000000000
0000000000000000000
0000000000000000000
0000000000000000000
0000000000000000000
1111100000000000000
0000000000000000000
0000000000000000000
0000000000000000000
0000000000000000000
0000000000000000000
8 15
4 0
16 17
1 7
18 3
1 11
15 0
3 8
15 12
11 9
0 0
9 11
5 9
13 18
9 5
14 14
14 17
2 6
6 11
11 8
0 17
5 18
10 11
10 1
3 14
3 16
13 6
8 10
15 1
18 10
11 13
12 16
0 10
14 1
14 13
2 13
9 12
5 4
15 11
14 18
17 7
2 9
0 15
10 5
