16 129 2581
000001000000000
000001000000000
000001000000000
000001000000000
000001000000000
000000000000000
000000000000000
000000000000000
000000000000000
000000000000000
000000000000000
000000000000000
000000000000000
000000000000000
000000000000000
000000000000000
0000000000000000
0000000000000000
0000000000000000
0000000000000000
0000000000000000
0000000000000000
0000000000000000
0000000000001111
0000000000000000
0000000000000000
1111111111110000
0000000000000000
0000000000000000
0000000000000000
0000000000000000
5 15
7 9
13 14
9 4
8 13
3 12
2 9
0 8
8 2
4 14
9 14
4 9
14 4
13 10
8 8
9 1
11 12
5 5
9 6
14 1
15 15
6 1
5 12
10 0
6 3
5 8
1 0
9 0
6 8
7 1
14 9
13 0
6 9
2 5
12 1
6 11
10 1
5 6
15 9
13 11
1 11
7 15
8 10
1 4
7 0
2 6
7 14
10 4
3 7
13 5
12 7
7 2
12 14
14 6
13 4
15 12
11 8
7 10
9 3
15 0
14 5
1 8
3 2
1 9
7 7
3 15
5 0
10 7
12 0
15 4
9 9
0 4
14 8
1 15
14 10
15 7
7 13
5 13
2 7
10 3
8 15
10 2
9 5
0 3
2 15
0 14
9 8
10 13
1 14
0 2
11 7
5 1
4 5
10 6
13 6
12 5
2 14
0 11
5 4
8 3
13 8
3 9
10 14
14 12
13 9
8 5
2 8
8 0
4 12
8 1
1 13
8 12
11 9
3 8
3 11
15 1
8 11
3 1
9 7
14 7
2 0
2 2
14 13
12 12
0 0
1 7
0 9
7 4
4 0
