17 126 3688
0000000010000000
1000000010000000
1000000010000000
1000000010000000
1000000010000000
1010000000000001
0010000000000101
0000100100000100
0000100100000100
0000100000000100
0000100000000100
0000100000000100
0000000000000100
1000000000000100
1000000000000100
0000000000000100
0000000000000000
00000000000000111
11111100000000000
00000000000000000
00000000000000000
00000000000000000
00000000000000000
11111111110000011
00000000000000000
00000000000000000
00000000000000000
00000000000000000
00000000000000000
11111111111110000
00000000000000000
00000000000000000
11111111111111000
6 9
4 10
13 11
2 15
9 1
10 12
4 7
5 10
16 14
11 13
3 6
0 16
10 14
5 5
14 2
5 0
0 2
3 11
9 6
8 9
7 15
0 1
0 10
11 6
15 5
3 0
9 13
15 9
12 12
9 0
15 16
12 13
13 3
2 4
1 4
8 1
3 14
2 5
1 10
13 1
11 15
1 1
12 2
6 6
3 10
7 7
15 12
7 16
16 6
1 5
0 15
1 9
14 4
12 11
7 12
4 0
8 2
16 16
7 1
12 7
13 16
10 0
8 8
6 4
4 11
2 16
12 0
1 12
10 13
9 16
13 4
11 3
1 13
9 15
6 0
0 0
13 5
1 7
10 8
15 15
16 11
11 5
11 11
14 0
4 3
4 5
8 5
5 14
12 10
16 15
11 12
12 4
10 7
15 1
9 11
5 4
14 10
9 10
15 10
5 9
11 4
14 7
1 3
10 3
11 10
3 16
6 10
13 10
16 2
12 1
1 14
13 9
14 11
7 6
15 13
0 6
0 11
13 14
11 2
6 3
2 7
1 16
14 15
4 13
2 0
14 13
