13 109 1518
000010000000
000011000000
000011000000
000010000000
000010000000
000000000000
000000000000
011000000000
000000000000
000000000000
000000000000
000000000000
000000000000
1000011000000
0000000000000
0000000000000
0011100000000
0000000000000
1111111100000
1111111111000
0000000000000
1111111000000
0000000000000
0000000000011
1111111111100
12 9
12 12
1 7
12 4
1 10
1 4
4 4
9 8
10 11
8 12
9 7
5 7
2 4
4 7
7 1
0 4
0 7
5 12
3 11
1 1
12 10
1 6
9 2
8 2
11 10
11 9
1 12
8 11
11 8
11 3
5 3
7 2
6 11
5 11
0 3
6 7
7 0
8 3
5 8
3 2
6 9
4 5
10 6
3 1
8 10
11 11
4 11
7 12
12 7
11 5
6 0
5 1
11 4
8 8
7 7
4 6
6 12
8 1
0 1
1 0
12 6
9 4
11 1
0 10
4 1
7 9
2 8
12 3
8 9
10 8
7 5
4 9
10 1
2 9
6 10
3 7
5 2
0 6
7 6
0 8
2 10
8 4
3 0
9 1
11 12
7 4
5 5
10 3
0 11
7 8
2 6
10 9
6 6
6 2
3 6
9 12
6 8
3 8
10 2
0 9
3 10
6 1
0 12
11 2
5 4
3 3
1 8
10 0
9 0
