20 108 3320
0001010000000000000
0001010000000000000
0001010000000000000
0001010000000000000
0001010000000000000
0001010000000000000
0001010000000000000
0001010000000000000
0001010000000000000
0001010000000000000
0001010000000000000
0001010000000000000
0001010000000000000
0001010000000000000
0001010000000000000
0001010000000000000
0001010000000001000
0000010000000001000
0000010000000001000
0000000000000001000
00000000000000000000
00000000000000000000
00000000000000000000
00000000000000000000
00000000000000000000
00000000000000000000
00000000000000000000
00000000000000000000
00000000000000000000
00000000000000000000
00000000000000000000
00000000000001111111
00000000000000000000
00000000000000000000
00000000000000000000
00000000000000000000
00000000000000000000
00000000000000000000
00000000000000000000
11 6
17 14
2 9
2 17
3 4
4 0
17 11
4 19
4 7
4 3
9 12
18 4
18 3
10 2
10 7
4 17
16 6
19 1
11 13
19 13
18 19
18 1
5 3
16 16
15 5
12 18
3 13
2 0
9 15
18 12
16 4
4 16
11 0
0 2
13 3
1 4
14 14
16 3
14 13
19 3
14 0
6 12
17 12
17 1
11 15
15 0
1 11
4 8
0 3
5 2
14 11
18 0
18 13
5 15
6 7
17 6
12 1
1 9
0 11
1 3
15 19
17 2
4 10
7 16
18 9
12 7
5 17
19 7
5 10
11 9
11 16
12 16
19 6
10 13
16 11
12 4
8 4
14 1
12 10
10 16
1 2
15 3
3 17
13 6
16 0
10 1
12 17
8 17
7 5
2 3
19 19
3 3
2 13
10 4
6 5
11 3
0 17
4 9
13 8
4 11
16 14
19 15
4 18
13 10
0 8
8 7
9 3
1 16
