13 88 1334
010000000000
010000000000
010000000000
010000000000
010000000000
010000000000
010000000000
000000000000
000000000000
000000000000
000000000000
000000000000
000000000000
0000000000000
0000000000000
0000000000000
0000000000000
0011111111110
0000000000011
0000000000000
1111100000000
1111111000000
0000000000000
1111111111100
0000000000000
0 7
0 8
0 11
0 0
8 1
6 1
2 8
1 5
10 11
0 9
11 9
8 6
4 11
2 0
12 12
11 0
9 7
8 0
1 7
7 3
4 9
9 5
4 5
9 11
6 2
2 3
9 10
12 1
1 1
11 2
10 4
0 6
12 7
9 8
3 7
2 12
5 8
4 4
9 12
6 11
9 2
11 4
10 5
10 3
5 3
4 0
12 0
2 6
3 11
1 9
2 11
5 10
2 1
7 12
12 11
8 11
12 5
4 10
10 1
7 1
10 6
0 5
0 2
2 2
2 4
6 8
9 1
10 2
1 6
0 4
7 6
4 2
7 4
4 7
3 5
9 0
2 7
11 3
1 8
5 12
3 3
8 4
7 9
11 6
12 6
10 0
8 12
11 8
