13 34 593
001000000000
000000000000
000000000000
000000000000
000000000000
000000000000
000000000000
000000000000
000000000000
000000000000
000000000100
000000000100
000000000100
0000000111111
0000000000000
0000000000000
0000000000000
0000000000000
1111111110011
1000000000000
1000000000000
1111111100000
0000000000000
0000000000000
0000000000000
7 8
12 1
8 10
10 12
10 6
6 3
2 11
2 2
12 0
5 11
1 5
5 4
0 6
0 1
1 7
9 10
5 6
11 12
8 2
11 2
6 1
11 11
8 12
4 1
0 5
7 7
8 11
10 4
9 0
9 1
11 1
2 8
12 6
6 0
