15 162 6650
00000000000100
00000000000100
00000000000110
00000000000110
00000000000110
00010000000110
00010000000110
00010000000110
00010100000110
00010100000110
00011100010110
00001100110110
00001100110010
00001100110000
00001101110000
000000000000000
000000000000000
111111100000000
011111111111000
111111100000000
000000000000000
000000000000000
000000000000000
000000000000000
000000000000000
000000000000000
000000000000000
000000000001111
000000100000000
2 5
9 8
4 0
4 10
7 5
13 8
6 4
9 9
6 3
14 5
4 12
7 8
11 7
3 6
8 4
11 2
10 1
12 2
0 10
9 4
14 11
5 6
5 5
2 11
3 0
1 6
9 7
6 12
12 3
13 7
9 11
10 3
11 8
8 14
2 10
8 2
6 6
12 11
11 10
7 6
14 12
9 12
2 6
1 2
0 3
7 13
7 9
10 13
6 0
7 10
0 12
5 9
14 7
2 4
9 6
1 8
5 3
4 9
10 11
6 10
12 5
6 11
9 1
7 4
1 4
0 13
8 11
7 3
10 2
12 0
10 0
3 8
5 8
11 0
10 5
14 10
14 3
0 4
6 1
1 12
7 7
14 14
8 1
2 3
0 2
0 1
5 1
8 7
13 2
0 9
14 0
1 10
12 1
2 13
0 7
5 11
3 7
11 3
0 5
8 9
12 10
1 11
5 12
13 4
9 13
11 14
6 14
0 14
9 0
3 14
13 11
4 8
11 5
1 5
7 0
14 9
6 9
5 14
11 13
0 0
7 14
5 0
13 12
4 13
12 13
14 4
6 13
3 12
7 11
4 6
7 1
3 1
2 0
11 4
2 9
13 6
11 11
1 7
12 9
9 2
14 8
4 14
2 8
6 7
8 10
3 5
10 6
3 10
13 9
4 11
5 10
5 2
13 0
13 1
1 1
14 13
3 13
8 5
11 9
3 9
1 14
14 2
