19 299 7160
000100000000000000
000100000000000000
000100000000000000
000100000000000000
000100000000000000
000100000000000000
000100000000000000
000100000000000000
000100000000000000
000100000000000000
000100000000000000
000100000000000000
000000000000000000
000000000000000000
000000000000000000
000000000000000000
000000000000000000
000000000000000000
000000000000000000
0000000001111111111
0000100000000000000
0000000000000000000
0000000000000000000
0000000000000000000
0000000000000000000
0000000000000000000
0000000000000000000
0000000000000000111
0000000000000000000
0000000000000000000
0000000000000000000
0000111111111111111
0000000000000000000
1111110000000000000
0000000000000000000
0000000000000000000
1100000000000000000
2 14
4 13
13 6
6 8
16 4
4 18
4 2
3 11
13 8
9 14
3 2
17 4
7 17
11 5
17 5
4 1
18 17
18 10
1 18
0 6
13 10
10 18
10 4
10 6
12 17
5 8
16 15
17 0
0 1
4 10
6 4
8 6
15 10
7 16
9 8
15 1
4 0
2 3
2 13
15 8
17 16
3 10
12 2
4 3
3 7
11 17
15 2
8 17
12 3
10 7
6 5
1 7
7 18
5 18
11 12
1 3
9 18
11 16
5 7
17 11
9 1
11 8
14 1
5 3
10 8
14 4
7 15
5 12
17 15
12 11
8 13
18 15
14 13
11 18
0 7
9 7
7 11
15 0
7 5
7 12
0 0
2 0
6 3
16 8
1 13
5 2
18 9
2 17
16 7
0 11
17 17
11 2
0 9
12 12
18 6
1 2
4 17
18 0
18 14
0 4
13 9
8 18
9 0
14 10
3 12
10 15
10 0
10 16
17 7
11 13
12 9
11 9
3 16
15 18
2 1
17 18
12 5
12 0
8 10
16 1
12 18
8 8
1 0
11 0
8 0
16 9
1 1
16 11
10 14
5 9
12 6
17 10
12 1
12 10
7 8
10 5
3 1
5 17
14 2
3 14
18 3
13 18
0 15
0 3
0 10
8 7
8 1
1 5
15 7
3 18
2 4
7 1
2 12
13 16
1 14
3 3
9 5
15 14
5 14
5 5
13 14
18 5
7 14
5 11
11 4
0 18
5 10
7 10
12 13
7 6
11 1
13 0
8 14
17 9
1 12
6 6
6 12
4 11
13 7
2 15
9 2
2 6
3 0
18 16
2 5
3 17
8 4
13 1
6 2
14 15
4 8
8 9
12 14
14 11
16 0
14 3
8 12
4 5
13 2
2 10
7 7
6 0
17 3
1 16
15 13
13 5
0 16
7 0
17 1
4 4
8 16
16 18
14 17
10 13
9 11
8 5
7 9
0 8
17 2
5 15
17 6
1 4
10 17
15 15
9 12
18 2
3 4
6 1
2 11
1 10
9 16
15 16
16 5
16 14
0 2
17 12
13 15
6 9
14 0
1 11
6 17
5 16
1 8
15 4
10 1
6 11
1 6
15 11
15 5
6 7
9 4
1 15
1 17
12 7
14 5
6 14
2 7
10 2
11 15
16 17
3 9
14 16
16 12
18 11
7 3
14 8
6 15
4 7
1 9
14 14
12 8
8 11
2 18
6 16
0 14
9 13
14 6
2 2
15 9
11 3
4 14
8 2
5 6
13 4
13 3
9 3
13 11
17 13
14 9
3 5
8 15
6 10
13 13
14 7
12 4
4 16
5 0
11 14
12 16
