15 214 4828
00000000010001
00100000010000
00100000010000
00100000000000
00100000000000
00100000001000
00100000011000
00100000011000
00100000011000
00100000011000
00100000011000
00000000011010
00000000011010
00000000011010
00000000011010
000000000001110
000000001100000
000000000000000
111111111110011
000000000000000
000000000000000
000000000000000
000000000000000
001000000000000
000000000000000
000000000000000
000111111100000
000000000000000
000000000000001
14 11
11 2
8 4
11 14
13 5
14 2
14 7
6 0
7 10
9 3
5 10
10 5
5 9
11 4
9 12
4 14
0 8
3 8
7 3
13 7
7 11
2 12
13 2
13 9
7 4
14 12
11 0
14 3
2 14
3 9
10 4
2 2
9 4
14 9
2 4
12 14
11 8
9 2
12 6
8 8
10 10
0 5
12 5
12 0
0 2
5 4
9 9
13 6
8 14
3 2
0 6
6 13
11 10
13 3
14 13
4 1
6 10
3 3
6 1
3 12
11 13
8 10
14 4
11 3
5 6
7 0
0 14
14 14
4 9
10 8
0 12
4 12
4 0
1 9
6 9
6 7
6 11
6 2
12 13
6 4
8 7
3 5
14 5
8 9
6 3
1 8
14 10
2 1
12 8
4 3
11 1
1 11
0 11
1 7
0 4
4 6
4 2
3 0
1 3
11 5
12 1
8 11
8 2
8 5
13 1
1 4
3 1
11 11
2 11
4 11
1 0
4 10
10 11
12 9
14 6
1 1
2 7
9 0
7 1
8 12
4 5
7 8
7 7
8 3
9 10
12 2
9 13
11 9
2 8
2 13
12 10
8 13
2 5
7 13
5 0
0 3
5 5
3 14
0 7
7 14
3 11
12 7
5 14
9 1
7 6
11 7
12 3
3 7
3 6
1 12
9 7
2 10
2 0
7 5
9 14
1 5
5 3
12 12
2 3
9 11
5 13
6 8
1 14
5 11
5 7
14 0
5 2
7 12
4 13
14 8
0 13
10 14
4 4
3 13
12 4
8 0
13 8
9 6
6 5
5 1
10 3
6 14
0 9
10 13
10 2
1 13
13 13
8 6
1 2
13 12
3 4
12 11
9 8
13 11
0 1
0 10
6 12
1 6
13 10
10 1
6 6
1 10
13 4
10 7
8 1
2 6
10 12
5 8
7 2
11 6
5 12
3 10
11 12
13 0
