11 67 1090
0000000000
0000000000
0000000000
0000000000
0000000000
0000000000
0000000000
0000000000
0000000000
0000000000
0000000000
00000000000
00111111111
01111111111
00000000000
00000000011
00000000000
00000000000
00000000000
00000000000
00000000000
9 9
6 9
7 2
1 4
0 9
10 10
5 6
10 7
4 6
5 5
9 10
7 10
0 4
4 2
6 8
9 0
3 0
5 10
3 1
1 3
10 8
10 6
9 2
0 0
3 8
7 8
8 1
4 4
6 7
10 3
5 1
2 4
7 0
9 8
2 10
2 7
7 3
2 6
7 5
8 10
6 2
6 3
4 5
6 10
7 7
5 8
4 3
3 10
7 1
5 2
1 5
4 7
5 0
4 10
10 4
5 3
10 2
10 9
5 9
3 5
5 4
1 8
0 1
2 1
6 0
3 3
1 7
