15 168 3035
00000000000000
00000000000000
00000000000000
00000000000000
00000000000000
00000000000000
00000000000000
00000000000000
00000000000000
00000000000000
00000000000000
00000100000000
00000100000000
00000100000000
00000100000000
000000000000000
100000000000000
100000000000000
000000000000000
000000000000000
000000000000000
000000000000000
000000000000000
000000000000000
000000000000000
000000000000000
000000000000000
000000000000000
000000000000000
13 3
4 6
0 5
11 0
8 8
10 13
12 13
13 10
6 11
7 4
3 13
9 12
9 8
0 11
14 14
8 7
6 9
11 13
7 6
11 2
7 5
2 0
2 4
13 14
8 11
8 4
12 2
0 12
1 4
4 3
5 8
1 6
9 5
13 6
9 2
0 1
4 9
4 8
11 14
9 11
9 13
3 4
14 8
13 11
13 1
10 8
5 14
3 1
5 5
14 0
5 2
10 12
9 0
3 8
10 5
12 14
1 0
1 8
11 6
10 1
9 10
8 1
14 3
1 2
10 7
5 3
3 0
12 8
11 1
4 0
6 14
4 14
5 7
3 10
1 5
11 3
10 4
13 13
11 7
6 1
6 10
12 5
6 7
5 4
13 5
9 14
0 9
14 9
6 2
14 4
0 2
4 5
8 3
4 1
13 0
2 8
10 11
2 9
1 12
2 6
8 2
6 13
2 3
5 1
7 10
2 10
7 0
10 3
13 9
7 1
5 9
10 0
0 10
2 12
1 13
3 12
4 11
7 11
11 10
10 10
14 13
14 5
9 4
1 1
1 9
10 6
2 7
5 13
1 14
11 5
2 13
12 11
2 14
5 11
0 6
8 13
12 10
12 3
14 12
12 9
9 7
3 3
2 11
9 6
0 4
6 8
8 12
9 1
3 5
14 7
14 6
10 2
2 1
8 5
12 6
14 2
3 7
0 13
1 3
12 0
4 2
6 4
13 8
3 9
14 11
10 9
7 7
11 8
