17 83 1815
0000000000000000
0000000000000000
0000000000000000
0000000000000000
0000000000000000
0000000000000000
0000000000000000
0000000000000000
0000000000000000
0000000000000000
0000000000000000
0000000000000000
0000000000000000
0000000000001000
0000000000001000
0000000000001000
0000000000001000
00000000000000000
00000000000000000
00000000000000000
00000000000000000
00000111111111111
11000000000000000
00000000000000000
00000000000000000
00000000000000000
00000000000000000
00000000000000000
00000000000000000
00000000000000000
00000000000000000
00000000000000000
00000000000000000
14 2
6 6
11 9
0 3
9 6
8 12
9 2
15 6
7 6
1 7
2 9
3 11
11 1
16 14
0 14
3 8
13 7
6 11
7 1
16 8
14 1
6 0
6 13
6 7
10 6
12 4
14 7
3 15
3 1
4 2
11 16
5 16
16 2
14 0
3 2
5 7
7 4
1 5
9 9
14 5
5 2
1 12
12 16
6 8
12 12
14 6
0 9
3 16
13 8
8 2
5 9
12 3
8 14
6 16
5 10
4 14
8 15
10 3
4 8
0 13
12 14
0 10
11 2
8 10
13 14
13 11
11 0
13 12
1 2
16 13
4 4
11 6
16 11
0 4
10 13
4 0
7 5
13 4
12 8
2 4
3 0
6 2
12 5
