15 69 1656
00000001001001
00000000001001
00000000001001
00000001001001
00010000101001
00010000101001
00010000101001
00010000101000
00010000111000
00010000111000
00000000111000
00000000111000
00000000011000
00000000010000
00001000010000
000000000000000
000000000000000
000000010110000
111111111000000
000000000000000
000000000000000
000000000000000
000010000000000
000000000000000
000000000000000
000000000000000
000000000000000
000000000000000
100000000000000
13 13
9 4
11 6
10 4
14 2
0 1
2 10
0 11
2 14
2 8
3 2
0 6
11 14
5 12
1 13
4 10
11 11
7 3
5 0
8 4
5 8
7 6
9 6
11 9
14 7
1 6
13 7
10 11
13 1
9 5
1 11
3 3
14 12
0 12
3 4
12 5
5 11
12 10
5 9
3 5
4 11
12 12
12 13
6 0
1 5
10 12
2 5
6 6
8 10
6 4
13 14
7 1
1 10
10 3
11 10
6 14
14 6
8 8
6 11
6 13
5 4
6 5
13 8
10 0
1 7
5 7
2 11
14 13
10 5
