16 23 637
010000000000000
110000000000000
110000000000000
110000000000000
110000000010000
110000000010000
100000000010000
100000000010000
100001000010000
001001000010000
001001000010000
001001000010000
000001000010000
000001000010000
000001000010000
000001000010010
0000111111111111
0000000000000000
0000000000000000
0000000011100000
0000000000000000
0000011111100000
0000000000000000
0000000000000000
1111000000000000
0000000000000000
0000000000000000
0000000000000000
0000000000000000
0000000000000000
0000000000000000
15 11
14 1
1 13
11 8
10 10
8 15
0 0
10 2
7 7
8 10
11 1
13 7
6 4
11 3
5 6
10 5
10 1
3 10
1 14
13 1
1 11
13 11
7 3
