12 98 1336
00000010000
00000010000
00000010000
00000010000
00000010000
00000010000
00000010000
00000000000
00000000000
00000000000
00000000000
00000000000
000000000000
000000000000
000000000000
000000000000
000000000000
000000000000
000000000000
000000000000
000000000000
000000000000
000000000000
5 11
6 8
8 8
3 7
7 2
4 0
8 6
6 5
4 3
9 3
3 10
4 2
0 8
2 4
8 2
11 0
6 1
10 6
5 2
11 10
1 1
0 3
9 7
5 4
6 10
4 6
1 7
3 1
9 0
3 2
3 6
11 7
8 11
7 11
5 5
1 0
7 8
10 11
9 6
8 0
5 1
7 6
1 11
2 6
10 10
10 8
8 9
11 2
3 3
5 6
2 9
0 11
8 5
6 9
3 0
4 4
8 3
0 1
2 0
2 2
5 9
4 8
8 7
3 5
11 8
1 9
2 8
9 8
11 6
11 1
4 9
10 9
2 10
9 2
6 3
5 3
1 8
7 9
6 0
0 9
6 4
2 3
11 11
10 0
0 2
0 0
3 9
6 2
0 10
6 6
8 4
5 10
4 7
5 0
7 0
7 3
1 4
10 1
