11 110 1505
0000000000
0000000000
0000001000
0000001000
0000010000
0001010000
0001010000
0001010000
0001010000
0001010000
0101010000
01111111111
00001111111
00000000000
00000000000
00000000000
00000000000
00000000000
00000000000
00000000000
10000000000
3 5
0 0
4 6
5 0
5 6
4 4
6 9
5 4
3 7
7 8
6 10
1 9
6 6
9 8
1 5
7 9
9 0
8 0
10 1
5 7
10 6
4 2
10 5
9 1
3 6
3 10
1 2
8 4
4 7
7 5
6 3
2 3
9 3
5 1
5 10
10 10
2 9
0 10
4 9
6 0
1 10
10 8
1 8
5 5
10 9
5 3
6 2
0 6
0 5
1 6
5 8
4 8
10 0
3 2
6 4
2 7
10 4
9 4
4 5
7 4
8 2
1 0
8 8
6 7
2 6
9 9
0 2
0 3
8 1
1 1
6 1
0 7
7 3
0 4
3 8
0 1
5 2
3 0
8 9
0 9
7 6
7 7
6 8
6 5
4 1
2 10
1 4
10 2
2 2
3 1
1 3
2 5
0 8
9 10
8 6
4 0
8 5
9 5
4 3
7 10
9 6
9 7
3 4
7 2
9 2
1 7
7 0
10 7
8 7
8 10
