15 26 712
01000000010100
01000000010110
01000000010110
01000000010110
01000000010110
01000000010110
00000000010110
00000000010010
00000000000010
00000000000010
00000000000010
00000000000010
00000000000010
00000000000010
00000000000010
000000000000000
000000000000000
000000000000000
000000000000000
000000000000000
000000000000000
000000000000000
000000000000000
000000000000000
000000000000000
000000000000000
000000000000000
111111011111100
000000000000000
3 0
1 0
13 14
1 4
4 2
2 13
2 5
14 12
0 6
0 4
0 9
12 8
3 2
2 1
3 7
2 2
4 10
5 12
3 13
8 14
7 3
11 8
13 13
14 5
1 1
13 6
