16 69 1432
000000000100000
000000000000000
000000000000000
000000000000000
000000000000000
100000000000000
100000000000000
100000000000000
100000000000000
100000000000000
100000000000000
100000000000000
100000000000000
100000001000000
100000001000000
100000001000000
0000000000000000
0000001111111111
1111111111111110
0000011111111111
0000000000000000
0000000000000000
0000000000000000
0000000000000000
0000000000000000
0000000000000000
0000000000000000
0000000000000000
0000000000000111
0000000000000000
0000000000000000
1 6
7 12
11 8
2 6
8 1
9 1
2 12
7 6
8 10
3 13
9 4
6 12
15 1
1 14
3 11
1 4
8 8
7 13
13 14
12 14
7 8
13 4
3 8
5 9
0 0
1 10
2 0
5 14
6 2
12 0
13 1
8 13
9 9
10 5
7 5
7 11
11 2
14 10
6 11
6 13
13 9
5 4
12 2
7 3
15 3
3 0
4 15
7 2
8 6
8 15
10 15
3 2
13 0
7 7
11 0
2 7
6 1
11 9
4 8
9 10
2 14
4 13
6 4
12 13
10 8
10 7
5 5
1 9
4 1
