13 95 1298
000000000000
000000000000
000000000000
000000000000
000000000000
000000000000
000000000000
000000000000
000000000000
000000000000
000000000000
000000000000
000000000000
0000000000000
0000000000000
0000000000000
0000000000000
0000000000000
0000000000000
0000000000000
0000000000000
0000000000000
0000000000000
0000000000000
0000000000000
2 11
5 12
12 11
11 6
7 3
1 1
5 5
0 1
1 2
10 12
8 11
9 10
11 7
10 10
9 3
9 5
4 12
9 6
7 9
2 6
12 2
1 10
0 6
1 11
2 12
8 5
3 3
2 9
8 9
7 1
9 4
10 1
5 9
1 9
0 7
12 10
11 3
10 0
3 1
7 4
11 8
10 9
10 5
10 6
5 0
2 1
2 8
8 12
5 8
12 7
6 3
11 4
3 12
3 9
7 0
0 5
4 10
9 12
4 7
7 10
0 3
12 4
3 6
5 7
1 7
0 10
2 2
0 8
7 6
8 1
1 5
11 1
8 6
12 8
6 10
3 4
4 9
2 7
10 4
12 3
2 3
1 6
6 2
10 3
7 8
12 5
1 8
6 9
5 11
6 0
6 12
6 11
6 6
9 8
0 4
