13 45 471
000000010000
000000010000
000000010000
000000010000
000000010000
000000010000
000000000000
000000000000
000000000000
000000000000
000000000000
000000000000
000000000000
0000000011100
0000000000000
0000000000000
0000000010000
0000000000000
0000000010000
0000000000000
0000000000000
0000000000000
0000000000000
0000000011111
1111000000000
5 4
5 5
10 10
2 11
12 3
4 1
8 9
8 2
9 7
1 10
4 9
6 11
4 11
0 4
3 11
7 8
2 3
12 11
5 2
12 12
1 4
6 5
6 2
11 9
7 7
8 4
0 1
11 4
4 7
4 0
6 6
12 2
1 5
0 6
3 12
11 6
9 5
0 7
6 10
8 7
2 4
2 2
11 2
7 4
9 2
