13 115 1248
000000000000
000000000000
000000000000
000000000000
000000000000
000000000000
000000000000
000000000000
000000000000
000000000000
000000000000
000000000000
000000000000
0000000000000
0000000000000
0000000000000
0000000000000
0000000000000
0000000000000
0000000000000
0000000000000
0000000000000
0000000000000
0000000000000
0000000000000
7 8
0 0
1 4
7 12
2 10
0 3
7 3
7 11
0 8
7 6
2 11
3 9
3 2
1 1
8 10
8 1
8 2
11 9
6 1
9 12
3 12
11 10
5 1
6 5
1 10
4 11
9 0
9 9
1 3
7 9
3 1
9 6
9 8
2 12
2 1
8 12
0 7
10 9
4 8
4 6
1 8
5 12
12 10
5 10
2 2
12 11
0 2
6 6
8 4
1 0
12 8
10 4
4 0
7 5
6 0
8 5
7 7
5 5
11 5
4 4
2 8
8 9
4 1
11 6
11 7
3 0
10 2
12 0
6 8
6 11
5 2
9 5
11 2
9 2
7 10
3 4
0 10
4 12
11 4
0 6
5 8
4 2
12 2
3 11
2 4
1 2
11 1
12 9
10 11
0 12
2 3
1 7
3 10
3 7
12 6
7 4
6 9
5 7
9 11
12 12
2 7
3 5
10 3
8 3
9 10
10 8
4 10
12 4
12 1
8 0
2 0
5 6
10 5
11 0
0 9
