18 93 2101
00000000000010010
00000000000010010
00000000010010010
00000011010000010
00000011010000010
00000011010000010
00000011010000010
00000011010100010
00000011010100010
00000011010100010
00000011010100000
00000011010100000
00100011010100000
00100011010100000
00100011010100000
00100011010100000
00100011010100000
00000011010100000
000000000000000000
111100000000000000
000000000000000000
000000000000000000
000000000000000000
000000000010000000
000000000000000000
000000000000000000
000000000000000000
000001100000000000
000000000000000000
000000000000000111
000000000000000000
000000000000000000
000000000000000000
000000000000000000
111100000000000000
7 7
4 2
12 17
7 10
4 11
15 14
13 10
1 13
0 7
3 12
0 2
14 2
8 6
2 12
5 11
6 17
2 8
0 9
17 7
1 0
8 5
5 3
15 17
13 14
14 9
6 16
17 14
3 1
3 15
15 8
7 14
8 12
2 1
14 15
0 11
10 6
3 7
7 3
14 4
15 13
15 5
8 16
8 1
12 2
12 8
2 17
11 14
9 1
4 6
15 16
15 6
7 1
2 11
12 6
17 0
4 5
11 10
9 6
16 14
2 14
14 5
11 0
1 4
10 16
2 5
15 7
8 3
13 1
16 5
17 10
9 7
8 13
5 17
15 4
5 10
3 0
16 15
5 14
10 5
13 3
3 16
4 9
11 17
12 5
16 12
14 1
16 4
4 13
6 0
3 10
13 16
0 4
2 6
