19 131 3485
000010100000000000
000010100000000000
000010100000000000
000010100000000000
000010100000000000
000010100000010000
000010100000010000
000010100000010000
000010100000010100
000000100000010100
000000100000010100
000000000000010100
000000000000010100
000000100000010100
000000100000010100
000000100000010100
000000100000000100
000000100000000100
000000100000000100
0000000000000000000
0000000000000000000
0000000000000000000
0000000000000000011
0000000000001111111
0000000000000000000
0000000000000000000
0111100000000000001
0000000000000000000
0000000000000000000
0000000000000000000
0000111111111100000
0000000000000000000
0000000000000000000
0000000000000000000
0000000000000000000
0000000000000000000
0000000000000000000
15 14
9 4
6 18
15 8
4 10
18 17
10 0
0 2
18 12
3 18
0 13
9 15
5 9
12 14
9 9
3 14
10 12
2 18
17 6
4 9
5 1
10 9
17 3
17 16
0 6
7 18
14 10
9 12
11 10
3 4
7 5
3 0
7 11
10 17
4 1
8 13
12 5
8 4
18 4
2 5
7 13
14 5
1 11
4 4
9 14
1 13
6 11
9 1
6 10
16 18
12 12
1 5
10 14
8 11
4 7
17 13
5 2
0 7
7 12
7 6
18 6
2 10
16 15
2 0
12 16
8 1
2 6
0 8
12 4
4 16
12 13
6 12
9 16
12 7
8 3
16 4
6 14
18 10
9 7
13 17
2 13
6 17
2 4
16 3
14 18
3 10
15 4
3 1
5 3
14 7
2 12
13 11
11 3
6 4
1 9
5 4
6 9
16 13
5 0
7 16
5 11
9 3
11 5
17 5
7 0
5 8
14 3
6 2
9 0
0 10
3 17
14 17
10 18
10 16
1 1
11 13
10 8
9 17
11 17
13 14
2 15
13 0
7 17
17 17
11 16
5 13
10 2
12 15
11 1
1 15
3 7
