16 89 1427
000000000000000
000000000000000
000000000000000
000000000000000
000000000000000
000000000000000
000000000000000
000000000000000
000000000000000
000000000000000
000000000000000
000000000000000
000000000000000
000000000000000
000000000000000
000000000000000
0000000000000000
0000000000000000
0000000000000000
0000000000000000
0000000000000000
0000000000000000
0000000000000000
0000000000000000
0000000000000000
0000000000000000
1111000000000000
0000000000000000
0000000000000000
0000000000000000
0000000000000000
13 10
10 8
10 11
0 15
9 14
15 2
0 10
12 0
11 8
12 5
7 3
0 0
7 2
10 2
2 5
8 1
15 14
3 10
15 12
4 8
2 0
11 6
5 12
1 15
11 3
6 9
5 10
4 4
2 11
8 6
8 9
1 10
11 15
6 10
4 12
8 3
9 1
1 6
10 14
2 10
14 5
7 7
2 8
10 12
14 8
4 6
10 3
6 3
6 6
3 6
14 7
14 6
10 7
14 12
10 13
10 10
11 0
1 9
5 7
6 2
8 10
0 3
15 8
12 2
12 3
6 5
12 10
12 13
15 1
14 10
13 5
1 11
11 5
0 5
3 0
12 14
2 2
12 12
12 4
13 4
9 12
4 3
0 2
15 11
12 8
6 1
13 6
2 14
7 0
