14 65 1371
0000110000000
0000110000000
0000110000000
0000110000000
0000110000000
0000110000000
0000000000000
0000000000000
0000000000000
0000000000000
0000000000000
0000000000000
0000000000000
0000100000000
00000000000000
00000000000000
00000000000000
11000000000000
00000000000000
00000000000000
00000000000000
00000000000000
00000000000000
00000000111111
11111111100000
00000000000000
00000000000000
0 7
5 2
4 2
3 7
7 6
12 8
2 10
11 10
5 13
7 11
1 6
7 12
2 4
11 0
9 12
4 12
4 9
13 12
9 3
5 12
11 3
12 2
2 6
4 13
7 5
3 13
1 11
5 7
10 13
0 1
3 6
4 10
7 10
3 9
12 7
9 10
10 10
1 8
1 1
3 10
7 4
10 12
11 9
9 1
9 13
8 12
8 6
0 13
9 11
2 3
10 4
0 4
5 3
7 9
1 10
1 7
13 13
5 1
6 11
10 11
0 6
2 12
7 2
6 13
1 9
