18 39 1101
00000010001000000
00000010001000000
00000010001000000
00000010001000000
00000010001000000
00000010001000000
00000010001000000
00000010001000000
00000010001000000
00000010001100000
00000010001100000
00000010001100000
00000010001100000
00000010001100000
00000000001100000
00000000000100000
00000000000100000
00000000010100000
000000011100000000
000000000000000000
000000000000000000
000000000000000000
110000000000000000
000000000000000000
000000000000000000
000000000000000000
000000000000000000
000000000000000000
000000000000000000
000000000000000000
000000000000000000
000000000000000000
000000000000000000
000000000000111000
000001111100000000
8 3
6 10
1 8
15 14
17 2
13 9
7 15
15 2
9 10
17 0
9 4
9 16
5 6
9 17
12 14
1 16
13 0
7 0
4 0
2 0
15 17
5 17
9 2
4 1
15 1
13 5
14 17
13 1
14 9
10 12
15 9
15 16
6 15
7 14
8 7
12 5
4 5
3 4
11 9
