16 245 5449
100000000000000
100000000000000
100000000100000
100000000100000
100000000000000
100000000000000
100000000000000
000000000000000
000000000000000
000000000000000
000000000000000
000000000000000
000000000000000
010000000000000
000000000000000
000000010000000
0000000000000000
0000000000000000
0000000000000000
0000011111111111
0000000000000000
0000000000000000
0111111111000000
0000000000000000
0000000000000000
0000000000000000
0000000000000000
0000000111111111
1110000000000000
0000000000000000
1111111000000000
9 1
15 10
5 0
10 11
12 7
11 1
3 1
11 3
13 8
11 11
0 5
7 3
13 0
5 3
11 10
1 11
3 10
5 13
7 14
6 4
15 5
8 3
1 10
4 14
2 10
13 4
0 2
2 6
2 13
7 9
2 0
12 5
3 2
8 6
15 1
4 9
1 7
3 12
0 13
3 0
2 14
1 14
13 7
14 14
4 1
7 1
1 1
13 3
12 8
2 12
11 4
6 6
14 6
14 11
0 6
3 3
2 11
13 14
14 1
15 6
12 0
0 10
4 13
2 9
4 12
9 0
7 10
8 12
12 3
10 2
10 8
5 2
6 3
0 0
0 7
9 4
11 2
4 11
4 3
3 4
8 1
11 15
0 8
7 2
1 0
9 7
9 12
14 2
11 14
10 13
0 4
13 5
9 6
12 12
0 3
6 14
6 10
6 13
9 13
9 15
0 11
9 10
3 9
4 5
0 14
6 15
11 8
15 0
2 2
5 6
7 5
6 2
5 7
5 8
10 5
15 15
3 15
1 13
14 0
13 6
13 11
8 10
13 1
9 3
8 14
9 11
3 13
12 6
6 11
11 12
15 8
8 9
10 6
14 7
10 7
14 10
14 13
0 9
12 1
15 9
11 9
15 14
6 5
9 9
15 2
4 8
3 11
12 13
5 9
13 12
11 7
7 15
11 13
15 4
3 14
5 12
1 2
6 8
1 12
11 5
14 8
7 0
6 0
8 8
2 7
4 6
12 14
12 10
15 11
1 15
4 10
2 15
6 12
7 13
12 15
9 5
6 7
1 9
12 11
6 1
4 0
3 7
12 4
8 11
3 5
14 4
15 13
10 9
7 11
8 13
13 9
15 7
13 15
5 15
8 2
7 12
3 6
6 9
5 14
10 3
8 15
13 2
9 2
7 6
14 3
8 0
14 12
12 2
13 13
1 5
1 8
5 10
1 4
2 5
4 15
10 14
4 7
7 4
10 15
8 5
14 9
11 6
15 12
8 4
8 7
10 12
5 5
9 14
0 12
0 1
0 15
9 8
10 4
5 1
10 10
2 8
7 8
5 11
11 0
3 8
14 5
4 2
15 3
4 4
1 3
