16 200 4563
000000000000000
000100000000000
000100000000000
000100001100000
000100001100000
001100000101000
001100000001000
001100000001000
001100000001000
001000001001000
001000001001000
001000001001000
100000000000000
100000000000000
100000000000000
000000000000000
1111111000000000
0000000000000000
0000001111111111
0000000000000000
0000000000000111
1000000000000000
0000000000110000
0000000000000000
0000000000000000
0000000000000000
0000000000000000
1111111111111110
0001111111111111
0000000000000000
0000000000000000
14 14
12 1
4 1
11 4
7 14
14 7
15 4
1 6
6 3
8 2
9 12
5 14
2 2
7 11
4 9
9 9
6 11
5 13
13 11
10 1
10 0
7 3
3 15
11 13
4 3
0 2
8 15
7 8
8 12
10 7
1 3
8 14
9 13
10 14
6 8
2 9
6 7
4 2
0 13
10 12
10 13
10 9
0 15
13 2
4 13
5 5
6 1
0 9
10 4
2 5
2 3
7 15
12 8
14 13
3 13
1 9
11 1
6 15
11 6
4 6
11 2
9 3
3 12
11 11
1 5
7 6
3 3
3 7
6 9
1 14
9 1
15 11
14 1
7 12
6 14
0 5
13 1
2 10
1 13
12 2
14 15
2 0
14 10
15 0
13 6
0 3
5 7
1 1
2 4
8 6
10 15
12 4
15 10
1 10
9 5
3 6
9 7
13 7
13 13
14 8
1 7
0 0
2 1
13 4
0 12
6 2
12 11
14 0
7 4
14 4
1 8
3 14
7 10
9 0
3 1
13 12
5 12
14 5
13 9
12 3
6 0
4 12
1 12
14 11
0 6
5 1
11 5
14 3
13 14
7 2
11 12
1 15
10 8
15 2
1 11
13 3
6 12
5 10
12 12
6 4
8 3
5 3
8 8
10 2
8 13
10 5
9 6
15 12
11 9
15 15
13 5
3 8
6 13
0 4
7 7
2 12
12 13
11 7
4 0
13 8
8 9
12 0
3 0
10 10
4 15
9 11
5 2
8 7
5 0
4 8
12 14
8 1
8 11
3 5
2 7
0 7
8 0
11 15
7 5
11 8
2 15
6 10
3 4
5 11
5 15
6 5
5 9
12 10
12 7
2 6
6 6
9 8
4 14
13 10
7 1
10 6
14 2
7 0
0 14
7 9
