14 93 2065
0001001000100
0001001000100
0001001000100
0001001000100
0001001000100
0001001000100
1001011000100
1001010000100
1001010010100
1001010010100
1000010110000
1000010110000
1000010110000
1000010010000
00000000000000
00000000000110
00000010000000
00000000000000
00000000000000
00000000000000
00000000000000
00000000000000
01100000000000
00000011000000
00000000000000
00000000000000
00000000000000
1 2
11 3
8 5
2 1
0 5
5 9
7 0
10 5
3 4
8 7
3 8
4 6
6 2
6 9
12 3
2 13
7 9
4 2
3 6
6 8
9 7
9 0
0 10
7 2
3 3
8 13
3 12
9 9
10 12
13 3
8 4
10 0
7 5
11 0
9 5
7 13
12 10
1 7
13 10
11 13
5 6
1 6
12 2
1 8
11 2
5 4
5 10
5 5
2 4
12 11
7 12
13 8
0 8
4 0
12 12
10 4
0 1
0 9
6 4
7 10
3 5
4 9
1 1
9 4
4 4
13 9
7 7
4 10
12 13
13 13
5 7
6 1
7 8
7 1
9 12
12 5
3 9
5 0
8 2
7 6
10 1
5 2
8 3
0 0
10 13
2 0
0 4
9 8
1 0
8 6
11 12
11 11
6 6
