15 30 881
00000110000000
00000110000000
00000110000000
00000110000000
00000110000000
00000110001000
00010110001000
00010110001001
00010110001001
01010100001000
01010100001000
00010100001000
00010100001000
00010000001000
00010000001000
111110000000000
000000000000000
000000000000000
000000000000000
000000000000001
000000000000000
000000000000011
000000011100000
000000000000000
000000000000000
001100000000000
000000000000000
000000001110000
000000000000000
8 13
6 5
10 2
10 8
2 5
2 4
1 2
1 10
6 7
12 2
7 0
10 6
9 9
11 0
8 1
7 5
4 1
14 0
12 3
12 4
12 13
11 2
2 14
7 10
8 6
0 14
9 0
7 7
12 7
14 8
