12 141 2313
10000000010
10000000010
10000000010
10000000000
10000000000
10000000000
10000100000
10000100000
10000100000
10000100100
10000100100
00000100100
000000000000
000000000000
000000000000
000000000000
000000011111
000000000000
000000000000
000000000000
000000000000
000000000000
000000000000
0 1
3 8
3 6
8 2
1 7
4 2
9 5
7 3
4 8
0 7
1 2
1 9
2 0
0 5
3 5
7 11
2 9
6 8
11 8
6 5
5 3
1 4
6 4
1 11
7 6
7 0
0 3
11 0
2 5
1 1
8 10
9 0
9 11
4 9
9 1
2 4
8 5
0 10
5 5
3 4
11 2
10 11
0 0
8 0
4 10
3 11
5 7
2 6
8 6
10 9
9 10
5 1
10 4
11 3
10 0
9 6
6 7
11 5
5 6
2 11
1 5
1 6
10 6
3 0
10 8
8 8
10 2
7 1
10 10
7 2
8 7
6 1
6 0
2 1
0 2
2 7
8 9
8 11
4 5
0 4
2 10
3 3
5 4
3 7
6 10
5 9
8 3
1 3
11 4
7 4
11 7
4 6
0 11
1 0
4 1
9 7
7 8
7 7
11 1
7 10
7 9
6 11
2 3
5 0
0 9
1 10
4 7
9 9
7 5
9 4
5 8
8 4
4 4
0 6
5 2
8 1
3 9
5 11
3 10
1 8
4 11
2 8
5 10
6 3
6 6
9 3
11 11
3 2
9 8
0 8
4 0
11 9
10 5
10 1
6 2
9 2
6 9
2 2
10 7
3 1
11 6
