20 156 3026
0000001000000000000
0000001000000000000
0000001000000000000
0000001000000000000
0000001000000000000
0000001000000000000
0000001000000000000
0000001000000000000
0000001000000000000
0000001000000000000
0000000000000000000
0000000000000000000
0000000000000000000
0000000000000000000
0000000000000000000
0000000000000000000
0000000000000000000
0000000000000000000
0000000000000000000
0000000000000000000
00000000000000000000
00000000000000000000
00000000000000000000
00000000000000000000
00000000000000000000
00000000000000000000
00000000000000000000
00000000000000000000
00000000000000000000
00000000000000111111
00000000000000000000
00000000000000000000
00000000000000000000
00000000000000000000
00000000000000000000
00000000000000000000
00000000000000000000
00000000000000000000
00000000000000000000
10 18
10 1
12 4
2 17
0 4
3 5
4 8
1 4
7 1
10 2
13 10
5 15
4 6
4 4
3 0
7 10
11 16
0 5
14 13
12 17
4 10
0 14
9 14
5 10
12 12
15 16
6 19
18 0
12 1
6 8
12 9
16 2
4 7
15 17
10 9
3 10
19 12
7 11
3 14
11 10
5 4
17 17
16 0
14 19
19 17
7 2
0 9
12 11
12 18
10 11
19 3
15 12
15 9
17 1
6 5
14 0
4 17
5 7
0 8
2 7
10 8
9 12
11 2
17 5
16 17
3 12
3 11
13 1
14 18
9 5
18 2
11 15
15 11
17 18
7 15
8 10
6 17
11 14
12 19
6 0
7 5
16 14
4 9
13 12
16 16
16 15
12 7
13 6
14 15
0 11
7 17
2 1
10 5
4 3
15 19
14 14
2 8
3 8
15 7
5 16
10 7
16 12
1 1
9 17
13 16
11 17
7 9
7 13
17 14
0 1
1 17
14 7
5 12
6 3
12 8
1 13
3 15
11 1
9 9
2 6
8 19
16 1
16 3
19 19
2 14
4 18
4 13
1 2
0 19
14 1
15 14
8 8
12 5
4 16
8 4
8 14
12 0
17 15
5 8
4 5
0 6
11 11
12 2
0 18
10 10
17 11
13 8
11 7
10 12
2 12
14 9
14 2
1 6
19 11
18 7
1 15
