14 159 2539
0000000000000
0000000000001
0100000000001
0100000000001
0100000000001
0000000000001
0000000000001
0000000000001
0000000000001
0000000000001
0000000000001
0001000000001
0001000000001
0001000001001
00000000000000
11111111111000
00000000000000
00000000000000
00000000000000
11111100000010
00000000000000
00000000000000
11000000000000
11111111111100
00000000000000
00000000000000
00000000000000
11 7
0 11
7 6
4 13
1 0
10 11
2 12
0 6
8 3
12 8
6 12
2 11
4 2
9 6
8 5
5 2
8 13
5 0
12 6
1 2
12 1
9 5
6 0
13 11
13 10
0 1
10 4
2 13
9 7
3 1
4 6
13 12
10 6
0 4
12 2
6 3
11 1
2 7
4 3
11 3
3 10
9 13
0 7
9 9
8 9
4 7
10 3
7 7
11 13
1 9
6 8
6 4
1 1
10 10
0 12
7 11
10 5
5 4
5 9
13 4
3 6
11 9
4 11
11 4
8 4
8 1
6 2
5 12
10 13
12 11
6 5
9 10
0 2
2 8
0 8
0 0
4 0
12 4
12 0
11 6
11 12
7 8
6 10
4 4
5 6
9 12
12 12
2 5
3 9
2 0
0 10
11 5
9 2
1 3
4 5
13 13
6 11
12 3
1 8
12 7
6 9
2 9
0 5
0 13
5 1
11 2
7 5
13 8
5 10
11 10
3 2
7 12
3 8
8 0
1 6
5 7
13 6
13 0
7 13
8 10
8 12
1 7
9 8
6 13
10 8
2 4
3 12
12 5
2 2
4 9
8 8
7 0
5 11
10 7
9 4
6 7
12 13
5 8
6 6
2 3
5 5
2 1
7 2
8 6
3 0
13 5
1 10
5 13
1 4
8 11
10 0
4 8
1 12
7 1
11 8
7 10
1 13
5 3
0 9
