16 53 1042
000010000000000
000010000000000
000010000000000
000011000000000
000001000000000
001001001000000
001101001000000
000101001000000
000101001000000
000101001000000
000101001000000
000101001000000
000101001000000
000101001000000
000101001000000
000101001000000
0000000000000000
0000000000000000
0000000000000000
0000000000000000
0000000000000000
0000000001111000
0011000000000000
0000000000000000
0000000000000000
0000000000000000
0000000000000000
0000000000000000
0000000000000000
0000000000000000
0000000000000000
8 11
4 14
1 10
1 12
14 8
1 1
6 1
11 10
12 5
9 11
2 11
1 0
5 4
15 10
13 8
14 6
7 4
8 7
3 11
14 4
13 1
10 7
6 10
11 4
0 4
4 3
9 12
3 9
6 4
6 0
12 3
7 1
3 2
13 2
10 0
0 7
0 12
1 6
4 10
2 13
15 6
15 8
0 0
10 14
3 6
6 11
14 5
3 15
1 4
2 8
15 13
7 11
13 5
