17 160 3336
0010000100010000
0010000100010000
0010000100010000
0010000100010000
0010000100010000
0000000100010000
0000000100010000
0000000100010000
0000000000010000
0000000000000000
0000000000000000
0000000000000000
0000000000000000
0000000000000000
0000000000000000
0000000000000000
0000000000000000
00000000000000000
00000000000000000
00000000000010000
00000000000000000
10000000000000000
00000000000000000
00000000000000000
00000000000000000
00000000000000000
00000000000000000
00000000000000000
00000000000000000
00000000000000000
11100000000000000
00000000000000000
00000000000000000
9 5
8 10
7 13
1 15
4 13
15 0
2 1
9 1
11 10
11 15
8 8
16 10
3 4
13 7
4 16
13 16
7 9
1 14
3 1
1 6
13 12
12 9
2 14
4 10
8 3
8 13
2 12
16 14
8 6
5 11
6 6
2 10
3 9
12 13
3 6
1 3
13 6
9 11
3 3
14 12
13 10
6 5
3 0
7 16
4 9
4 11
11 14
5 10
8 4
6 4
8 2
11 12
10 5
3 14
6 12
4 5
14 7
5 1
5 8
0 12
15 16
0 7
5 3
5 14
5 16
5 7
16 15
13 0
16 8
6 14
14 16
7 4
11 4
0 14
15 14
0 6
2 15
1 5
7 6
5 4
11 6
5 0
14 5
4 14
12 7
14 11
15 1
1 1
10 1
12 15
10 15
13 8
6 9
0 13
11 1
8 1
3 13
3 11
0 15
1 2
10 6
6 0
2 2
2 11
7 0
9 16
13 3
0 1
4 12
14 6
15 3
4 3
7 11
9 2
16 9
9 9
15 9
14 0
7 8
10 7
6 2
14 4
15 13
5 9
3 12
2 16
8 12
5 13
11 5
9 10
0 11
1 16
13 2
2 0
1 9
9 6
14 8
10 0
9 8
0 3
14 15
3 2
15 6
0 0
5 12
12 3
12 6
13 9
5 6
10 4
1 13
4 0
9 15
3 10
15 15
15 4
12 0
16 16
1 7
7 14
