16 71 1750
000000010000000
000000010000000
000000000000000
000000000000000
000000000000000
010000000000000
010000000000000
010000100000000
011000100000000
000100100000000
000000100000000
000000100000000
000000100000000
000000100000000
000000100001000
000000100001000
0000011100000000
0000000000000000
0000001111111111
0000000001111111
0000000000000000
0000000000000000
0000000000000000
0000000000000000
1111110000111111
0000000000011111
0000000000000000
0000000000000000
0000000000000000
0000000000000000
0000000000000000
9 10
1 5
12 8
3 1
10 11
1 4
13 6
6 10
15 9
12 5
15 8
10 7
12 3
6 11
8 14
13 4
14 3
1 7
9 13
7 10
6 2
9 15
13 5
15 7
1 0
7 15
14 12
5 9
1 12
0 0
7 0
13 8
9 5
11 5
5 4
0 7
4 15
2 1
2 3
5 11
12 4
2 0
4 11
8 10
15 5
4 1
7 11
14 5
1 10
9 0
4 14
15 4
6 4
5 3
9 7
9 3
13 7
8 8
5 7
8 6
10 3
10 4
1 8
5 15
14 11
11 9
12 1
4 8
2 13
3 13
14 1
