14 33 373
0000000000000
0000000000000
0000000000000
0000000000000
0000000000000
0000000000000
0000000000000
0000000000000
0000000000000
0000000000000
0000000000000
0000000000000
0000000000000
0000000000000
00000000000000
00000000000000
00000000000000
00000000000000
00000000000000
00000000000000
11111111110000
00000000000000
00000000000000
00000000000000
00000000000000
00000000000000
00000000000000
0 3
1 2
4 13
0 2
6 4
8 13
7 12
7 2
4 6
5 1
4 11
1 6
3 2
9 3
0 9
11 12
12 12
1 3
12 6
6 1
11 1
2 13
0 5
4 9
10 9
4 5
0 4
0 1
6 12
11 13
9 12
8 3
0 12
