18 216 6288
10000000000000000
10000000000000000
10000000000000000
10000000000000000
10000000000000000
00000000100000000
00000000100000000
00000000100000000
00000000100000000
00000000000000000
00000000000000000
00000000000000000
00000000000000000
00000010000000000
00000010000000000
00000010000000000
00000010000000000
00000010000000000
000000000000000000
000000000000000000
000000000000000000
000000000000000000
000000000000000000
000000000000000000
000000000000000000
000000000000000000
111111111111111110
000000000000000000
000000000000000000
000000000000000000
000000000000000000
000000000000000000
000000000000000000
111000000000000000
000000000000000000
8 7
12 12
17 3
9 2
13 8
3 16
10 5
11 13
4 1
15 17
4 4
16 15
13 0
5 3
17 6
12 0
14 8
6 14
14 15
13 13
14 10
15 2
7 13
4 16
9 6
14 13
15 0
3 14
7 7
11 4
7 6
8 5
9 12
7 1
1 12
2 3
11 14
15 10
16 16
16 8
12 14
3 6
10 6
7 15
9 11
16 5
5 13
15 1
6 7
12 1
4 13
9 1
5 4
2 7
14 0
11 5
2 1
15 3
16 7
7 16
0 6
8 3
5 8
16 13
4 3
15 15
2 11
3 10
2 0
5 1
6 11
16 1
2 12
0 16
4 14
10 11
14 3
9 9
5 7
16 4
1 4
9 4
15 8
13 3
9 14
1 10
17 11
1 2
14 14
2 13
13 5
1 13
0 17
16 14
11 6
3 12
8 15
4 12
13 17
2 10
8 12
8 16
2 2
9 17
7 17
17 5
13 9
9 8
7 4
9 7
6 6
17 2
3 8
2 17
12 2
13 16
14 11
3 15
11 8
14 12
13 1
7 8
14 4
6 3
11 15
14 17
8 17
7 5
13 2
8 11
0 10
8 6
1 9
7 11
6 8
4 17
11 9
9 16
7 0
4 9
11 0
0 9
0 3
1 0
17 0
17 4
11 10
12 13
8 10
10 14
8 0
14 5
10 3
13 11
4 6
17 17
14 2
12 4
10 9
6 2
1 3
4 11
6 5
16 0
8 1
11 12
8 13
1 8
0 11
6 9
17 10
6 12
7 10
1 17
11 3
15 11
14 16
3 13
8 2
17 13
0 12
15 14
5 10
7 12
3 7
10 1
13 7
10 12
13 15
12 16
1 7
7 9
9 0
8 8
17 16
5 14
9 10
0 4
12 10
5 12
10 10
0 14
9 15
10 15
10 13
15 4
1 14
4 7
10 17
0 15
8 4
4 0
6 1
16 17
9 3
9 5
