10 81 1339
110000010
110000010
010000010
010000000
010001000
011001000
011101000
011101000
001111000
001111000
0000000000
0000000000
1000000000
0000000000
0000000000
0000000000
0000000000
0000000000
0000000000
8 3
5 5
5 6
5 3
7 5
8 8
9 3
9 2
5 7
2 9
6 5
1 0
2 7
2 3
4 4
9 7
7 6
1 7
7 8
0 2
3 7
0 3
7 1
9 8
7 9
2 1
7 0
0 5
3 6
4 8
3 4
9 1
8 1
4 7
1 6
8 2
3 5
9 4
1 5
7 4
2 6
2 4
4 0
3 1
0 7
1 4
5 2
6 2
3 3
6 3
7 3
8 0
2 0
1 9
0 4
9 6
8 4
1 3
0 6
2 5
6 8
0 1
3 2
9 0
3 8
2 2
8 9
6 9
6 6
8 7
4 2
4 1
6 7
5 4
6 0
9 9
7 2
5 1
4 6
3 0
1 8
