10 90 570
000000000
000000000
000000000
000000000
000000000
000000000
000000000
000000000
000000000
000000000
0000000000
0000000000
0000000000
0000000000
0000000000
0000000000
0000000000
0000000000
0000000000
8 1
6 9
6 5
0 8
0 6
6 7
0 9
3 3
9 7
7 4
7 9
8 9
4 6
0 5
4 3
2 1
5 5
5 9
5 1
9 6
2 6
1 9
6 1
5 6
5 2
2 5
7 2
1 4
4 7
3 4
5 7
1 3
7 0
4 2
8 2
2 9
8 6
8 5
4 1
6 3
7 5
6 6
6 2
8 0
0 1
4 0
7 3
9 8
2 2
1 8
3 5
8 7
5 8
2 0
0 3
2 4
5 4
1 5
5 0
3 1
3 2
1 7
4 8
1 2
0 0
3 9
6 8
4 5
7 1
6 0
3 6
1 1
0 2
0 4
9 4
5 3
8 8
7 7
9 9
4 4
2 8
7 8
1 6
0 7
2 3
9 2
9 5
8 3
6 4
2 7
