15 104 2725
00001000000001
00001000000001
00000000000000
00000000000000
00000000000000
00000000000000
00000000000000
00000000000001
00000000100001
00000000000001
00000000000001
00000000000001
00000000000001
00000000000001
00000000000001
000000000000000
000000000000000
000000000000000
000000000011111
000000000000000
000000000000000
000000000000000
111111111111100
000000000000000
000000000000000
000011111111110
000000000000000
000000000000000
000000000000000
11 12
3 14
3 1
6 9
7 6
10 6
9 14
2 1
4 10
9 2
1 7
9 3
9 5
3 7
14 11
11 14
12 6
9 6
4 8
8 7
1 8
2 6
11 8
10 4
2 7
7 3
11 11
10 7
6 11
13 9
14 1
11 6
12 5
6 5
6 10
2 9
1 13
9 11
11 9
13 3
0 1
8 2
12 12
2 12
7 8
12 10
8 9
1 6
3 4
8 11
13 5
6 3
8 13
0 10
9 10
8 10
2 8
9 7
8 12
4 1
2 5
5 11
8 5
6 1
8 3
6 14
12 8
12 11
6 7
0 0
1 5
4 12
1 2
13 7
11 10
1 0
1 3
14 8
12 9
5 13
14 13
7 2
5 4
2 0
14 14
0 9
12 1
9 12
13 14
9 8
11 13
1 14
11 3
1 4
3 9
14 9
5 10
4 14
12 14
8 6
11 2
12 3
9 0
0 12
