12 78 1468
00000000000
00000000000
10000000000
10000000000
10000000000
00000100000
00000100000
00000100000
00000100000
00000100000
00000100000
00000100000
000000000000
000000000000
000000000000
000000000000
111110000000
000000000000
000000000000
000000000000
000000000000
000000000000
000000000000
2 10
10 8
4 5
7 7
0 9
9 1
8 0
2 2
9 5
9 11
2 11
9 3
6 6
0 3
7 4
2 3
1 9
11 4
2 9
11 7
2 7
4 1
5 1
0 0
6 9
3 1
8 7
5 2
5 6
6 3
4 6
1 11
7 1
2 0
11 8
1 8
8 4
9 10
9 4
10 6
2 5
11 6
10 10
5 11
1 4
10 7
2 1
11 5
0 4
6 11
4 11
10 0
0 10
10 5
3 6
7 8
5 0
8 3
2 6
3 4
0 2
0 1
1 1
10 4
6 10
9 0
11 3
11 9
2 4
8 10
11 11
6 5
9 2
0 6
0 5
1 3
8 1
11 1
