17 104 1341
1001000000000010
1001000000000010
1001000000000000
1001000000000000
1001000000000000
0000000000000000
0000000000000000
0000000000000000
0000000000000000
0000000000000000
0000000000000000
0000000000000000
0000000000000000
0000000000000000
0000000000000000
0000000000000000
0000000000000000
00000000000000000
00000000000000000
00000000000000000
00000000000000000
00000000000000000
00000001111111111
00000000000000000
00000000000000000
00000000000000000
00000000000000000
00000000000000000
00000000000000000
00000000000000000
00000000000000000
00000000000000000
00000000000000000
13 3
11 16
12 7
1 3
2 0
5 11
4 9
8 13
5 10
15 5
2 8
6 5
15 7
10 11
13 7
6 13
6 9
14 7
9 14
16 4
3 9
6 3
11 2
16 3
5 16
16 10
10 9
0 15
14 9
2 12
0 1
15 1
14 13
7 15
9 2
0 9
4 8
16 2
16 6
0 6
10 14
14 12
5 6
6 0
2 3
4 0
10 16
14 8
10 5
3 5
14 10
7 12
11 3
3 4
14 0
12 14
15 13
16 1
10 6
13 16
15 14
3 16
6 2
8 15
8 0
13 12
4 12
8 1
3 13
2 11
3 7
13 10
2 9
10 0
14 5
14 3
9 10
12 3
0 2
11 7
13 1
1 5
11 13
2 6
7 2
16 15
4 1
15 15
15 3
0 12
15 11
14 6
7 6
10 7
4 10
8 6
11 1
8 7
5 1
9 12
7 1
14 16
13 8
11 11
