12 132 2807
00000010000
01000010000
01000011000
01000011000
01000011000
01000001000
01000001000
01000001000
01000001000
01000001000
01000001000
01000000010
000000000000
000000000000
000111100000
000000000000
000000000011
000000000000
000000000000
000000111111
010000000000
000000000111
000000000000
9 5
1 7
10 1
9 11
5 5
9 1
11 5
9 10
8 3
5 3
4 7
7 11
6 5
1 4
2 2
11 9
1 3
8 11
1 8
1 5
8 8
0 6
4 2
4 6
7 5
4 5
6 8
3 7
9 0
6 2
2 9
11 2
5 1
11 8
5 2
5 10
11 11
7 2
11 3
3 1
8 0
9 3
2 10
0 4
5 11
11 7
4 1
11 10
4 10
8 7
9 2
3 10
10 2
5 4
10 9
7 7
8 10
10 11
3 11
10 5
11 6
4 8
7 9
7 3
3 8
3 3
9 9
6 11
1 9
8 9
5 9
7 0
2 0
4 9
10 8
0 7
1 2
6 6
3 5
2 5
0 9
8 4
9 6
6 3
10 4
2 11
10 0
0 8
5 0
6 9
1 6
4 11
10 7
0 2
3 9
11 0
3 4
2 3
7 6
0 0
3 6
10 6
0 3
1 1
9 8
3 2
11 4
5 7
0 5
9 7
0 10
10 10
8 5
2 6
6 1
2 8
0 11
6 10
7 4
7 10
11 1
7 8
6 0
2 4
5 8
10 3
9 4
1 11
2 7
1 10
6 4
1 0
