14 54 1165
0000000001000
0000000001000
0000000001000
0000000001000
0000000000000
0000000000000
0000000000000
1000000000000
1000000000000
1010000000000
1010000000000
1000000000000
1000000000000
1000000000000
00000000000000
00000000000000
00000000000000
00000000000000
00000000000000
00000000000000
00000000000000
00000000001111
01111111111100
00000000000000
00000000000000
00000000000000
00000000000000
10 11
6 11
7 1
0 12
8 6
13 1
6 9
13 13
6 2
9 10
0 9
2 1
10 4
7 4
0 10
1 0
0 8
0 6
13 11
2 13
11 5
8 11
13 9
7 0
11 0
11 12
8 8
5 11
4 7
0 2
12 11
11 1
2 2
5 9
6 10
1 5
8 5
8 7
4 9
6 0
13 4
13 3
1 6
3 7
1 8
5 8
6 13
6 4
10 7
0 11
8 0
8 3
2 8
2 0
