17 256 4858
0000001000000000
0000001000000000
0000001000000000
0000100000000000
0000100000000000
0000100000000000
0000100000000000
0000100000000000
0000100000000000
0000000000000000
1000000000000000
1000000000000000
1000000000000000
1100000000000000
1100010000000000
1100010000000000
1100010000000000
00000000000000000
00011110000000000
00000000000000000
00000000000000000
00000000000000000
00000000000000000
00000000000000000
00000000000000000
11111111100000000
00000000000000000
00000000000000000
00001111111111111
00000000000000000
00000000000000000
00000000000000000
00000000000000000
0 14
5 0
2 16
4 3
12 11
1 0
9 9
1 14
16 10
16 4
6 5
7 16
13 11
9 6
1 8
14 9
2 4
0 7
2 8
8 6
9 4
14 4
0 0
11 16
14 10
7 7
8 9
8 14
15 2
3 1
16 12
5 14
4 15
7 4
10 3
6 11
6 14
8 13
8 11
10 11
7 13
12 3
5 6
15 1
3 3
12 4
6 6
4 5
11 14
9 12
14 2
12 6
12 1
1 9
15 5
9 5
13 6
4 4
16 11
2 14
13 8
4 11
3 9
3 13
10 0
5 4
4 13
7 10
6 12
0 12
16 13
15 0
3 0
1 6
2 0
10 4
11 6
6 9
5 5
3 15
6 10
5 13
12 9
16 8
7 12
1 3
8 12
14 14
5 15
16 7
10 6
13 2
11 7
1 11
14 0
2 10
15 15
1 10
12 7
6 8
13 15
12 2
9 10
3 10
1 12
1 13
16 16
7 1
4 8
15 12
10 14
8 0
16 0
9 0
12 14
0 10
4 16
13 9
4 12
16 3
3 5
11 2
11 10
9 14
0 2
8 8
2 13
11 3
8 10
6 16
0 1
14 8
0 5
11 8
3 4
16 1
9 15
13 13
1 2
11 1
0 8
8 4
0 16
11 13
2 11
4 2
15 4
6 4
5 2
9 7
15 13
8 2
13 1
7 3
2 1
10 1
5 16
15 8
16 14
14 13
11 9
4 6
16 5
2 6
0 15
10 12
7 14
16 15
3 2
10 9
3 14
2 15
7 15
5 12
10 15
8 1
4 1
7 6
8 5
11 12
7 0
1 7
2 7
12 15
13 10
1 16
3 8
10 5
2 3
8 7
4 9
6 7
5 10
6 3
14 12
2 9
10 13
2 12
4 14
13 7
10 10
16 9
8 16
3 7
11 11
13 4
10 16
13 12
4 10
13 5
11 5
1 1
6 15
9 16
8 3
15 7
14 7
12 5
5 11
9 13
3 12
14 11
7 2
0 9
3 6
12 0
7 5
14 3
3 16
0 6
0 4
14 15
15 3
12 12
14 6
0 11
13 0
15 14
9 11
6 1
5 9
12 13
0 3
9 3
14 1
12 10
16 2
10 7
10 2
9 1
7 11
1 4
9 2
15 6
5 3
13 14
