10 78 1265
001010000
001010000
001010000
001010000
001000000
001000000
001000000
000010000
000010000
000001000
0000000000
0001000000
0000000000
0000000000
0000000000
0000000000
0000000000
0000000000
0000010000
9 5
8 6
4 8
5 8
3 8
6 1
1 5
5 0
7 8
5 4
7 6
6 5
7 4
1 7
1 6
6 9
8 1
0 3
8 7
5 1
3 2
9 2
9 6
8 0
6 8
4 0
8 9
1 8
2 7
0 6
2 0
2 2
3 4
4 1
5 3
9 1
6 6
7 0
0 5
6 4
5 9
9 8
0 1
7 2
3 6
1 4
5 7
2 9
6 3
9 7
8 3
3 3
3 7
9 9
5 2
5 6
8 4
0 7
5 5
2 8
2 3
7 7
4 6
1 1
3 0
4 2
2 6
2 4
9 0
1 9
7 3
8 5
0 2
0 8
4 9
6 0
6 2
0 9
