20 50 1230
0011000000100000000
0011000000100000000
0011000000100000000
0011000000100000000
0011000000100000000
0011000000100000000
0010000000100100000
0010000000100100000
0000000000100110000
0000000000100110000
0000000000100110000
0000000000000110000
0000000000000110000
0000000000000110000
0000000000000110000
0000000000000110000
0000000000000110000
0000000000000110100
0000000000000000000
0000000000000000000
00000000000111100000
00000000000000000000
00000000000000000000
00000000000000000000
00000000000000000000
00000000000110000000
00000000000000000000
00000000000000001111
00000000000000000000
00000111111000000000
10000000000000000000
00000000000000000000
00000000000000000000
00000000000000000000
11111111111110000000
11111100000000000000
00000000000000000000
00001111111111111111
11000000000000000000
18 0
10 4
6 12
0 8
17 17
6 10
1 5
14 6
5 3
5 0
9 7
4 7
12 10
15 10
9 9
19 17
18 15
10 5
15 9
18 17
16 15
6 14
15 16
8 12
19 4
2 13
16 11
8 11
7 11
14 8
0 16
16 1
16 12
11 8
7 8
8 3
10 14
4 0
3 2
3 15
19 12
9 8
4 5
15 3
5 4
16 2
15 2
8 5
12 15
10 12
