13 47 482
000000000001
000000000001
000000000001
000000000000
000000000000
000000000000
000000000000
000000000000
000000000000
000000000000
000000000000
000000000000
000000000000
0000000000000
0000000000000
0000000000000
0000000000000
0000000000000
0000000000000
0000000000000
0000000000000
0000000000000
0000000000000
1000000000000
0000000000000
5 6
3 3
3 8
4 11
12 3
4 0
7 1
2 0
11 1
10 6
1 5
5 2
11 2
1 4
6 2
7 9
9 9
8 1
10 12
7 5
0 8
9 5
8 7
2 1
1 8
7 4
7 6
10 0
9 11
0 10
10 8
0 3
4 12
6 10
6 12
8 5
6 0
6 11
6 7
2 6
9 7
4 8
8 3
2 11
9 8
0 0
2 9
