20 121 2508
0000000000000000000
0000000000000000000
0000000000000000000
0000000000000000100
0000000000000000000
0000000000000000100
0000000000000100100
0000000000000100100
0000000000000100100
0000000000000100100
0000000000000100100
0000000000000100100
0000000000000100100
0000000010000100100
0000000010000100100
0000000010000100100
0000000010000100100
0000010000000000100
0000000000000000100
0000000000000000100
00000000000000000000
00000000000000000000
00000000001111111111
00000000000000000000
00000000000000000000
00000000000000000000
00000000000000000000
00000011111111000000
00000000000000000000
00000000000000000000
00000000000000000000
00000000000000000000
00000000000000000000
00000000000000000000
10000000000000000000
00000000000000000000
11111111111111100000
00000000000000000000
00000000000000000000
12 19
1 14
4 13
6 1
15 9
11 19
9 6
4 6
3 10
0 14
14 10
15 10
17 12
11 0
0 5
6 16
9 4
1 7
4 4
16 4
10 12
13 19
10 18
12 11
3 18
3 5
12 4
17 15
17 9
6 19
11 11
12 10
18 19
14 7
1 6
16 5
9 16
16 1
2 14
4 2
11 6
19 4
4 1
1 17
16 3
0 7
11 15
1 19
5 14
7 5
10 15
8 7
13 18
12 7
9 5
4 18
16 16
17 2
8 18
2 12
1 15
0 9
18 16
17 8
17 18
15 8
14 17
14 2
15 12
3 17
3 12
13 1
13 15
19 19
17 6
3 11
17 14
17 10
5 13
8 8
16 2
19 1
13 4
16 18
12 16
13 14
16 19
4 14
19 14
10 11
8 0
14 15
8 15
18 13
15 7
16 9
2 19
8 14
18 17
2 0
11 9
11 13
12 18
16 10
10 9
5 0
13 12
8 6
13 17
5 1
5 6
9 3
18 15
5 16
7 19
11 3
9 9
8 16
13 3
6 6
4 9
