12 95 937
01001100000
01000000000
01000000000
01000000000
01000000000
01000000000
01000000000
00000000000
00000000000
00000000000
00000000000
00000000000
000000110000
000000000000
000000000000
000000000000
000000000011
001111000000
000000000000
000000000000
000000000000
000000000000
000000000000
8 10
11 5
1 7
7 2
1 6
3 6
11 0
5 10
3 10
4 5
9 2
10 4
1 1
7 7
5 0
2 1
8 4
7 4
4 1
7 0
6 11
9 11
2 4
6 0
11 10
1 5
9 5
8 6
9 0
4 9
11 2
6 10
11 1
7 5
6 6
6 2
8 0
6 1
0 6
7 8
4 10
11 6
11 11
7 11
10 2
1 2
7 6
9 10
3 3
2 8
2 6
9 8
2 2
6 8
9 3
4 0
4 11
8 9
9 4
10 6
1 0
10 8
3 9
4 4
5 1
5 8
10 3
0 7
5 6
2 7
0 0
5 2
2 9
3 4
10 11
1 11
8 7
10 9
11 4
4 6
7 9
0 1
5 5
0 10
3 11
5 4
11 3
2 5
0 8
10 1
8 1
8 5
1 8
0 2
9 6
