13 48 1353
000000000000
000000000000
000000000000
000000000000
000000000000
000000000000
000000001000
000000000000
000000000000
000000000000
010000010000
000000000000
000000000000
1111111111110
0000000000000
0000000000000
0000000000000
0000000000000
0000000000000
0000011111111
0000000000000
0000000000000
0000000000000
0111111111111
0000000000000
3 8
2 2
1 1
1 2
9 9
3 7
6 10
1 11
8 6
6 1
12 7
3 1
2 12
0 5
1 3
6 3
9 5
11 12
8 2
0 9
3 5
2 10
11 10
0 1
9 8
12 8
0 3
7 11
0 6
6 11
9 6
5 4
10 0
3 4
3 11
11 5
5 3
8 12
0 10
2 11
2 7
8 11
3 2
0 12
9 7
7 12
6 9
2 1
