12 49 723
00000000000
00010000000
00010100001
00010100101
00010100101
00011100101
00011100101
00011100101
00011100101
00011100101
00011000010
00000000000
000000000000
000000000000
000000000000
001100000000
000000000000
000000000000
000000000000
000000000000
000000000000
000011111111
000000000000
1 9
0 0
5 9
5 10
6 1
8 5
1 8
9 3
11 8
10 0
10 10
1 7
3 7
2 7
4 2
2 10
2 6
10 2
11 4
4 0
8 7
5 7
8 10
3 5
6 9
5 1
10 9
5 5
2 8
3 2
8 4
8 6
9 6
9 9
9 2
0 2
6 4
5 11
9 11
10 3
0 5
1 2
0 6
5 3
0 3
1 5
10 1
2 0
11 0
