20 53 1234
0000000001000000000
0000000001000000000
0000000001000000000
0000000001000000000
0000000001000000000
0000000001000000000
0000000001000000000
0000000001000000000
0000000001100000000
0000000101100000001
0000000101100000001
0000000001100000001
0000000001000010001
0000000000000010001
0000000000000010001
0000000000000011001
0000000000000011001
0000000000000011001
0000000000000010000
0000000000000000000
00000001110000000000
00000000000000000000
00000000000000000000
00000000000000000000
00000000000000111111
11000000000000000000
00000000000000000000
00000000001100000000
00000000000000000000
11111000000000000000
11111111100000000000
00000000000000000000
00000000000000000000
00000000000000000000
00000000000000000000
00000000111111100000
00000000000000001000
00111111111111111111
00000000000000000000
3 13
1 19
18 3
6 2
7 7
12 13
6 4
9 7
7 5
18 11
0 5
19 12
16 6
10 15
11 0
15 10
11 1
17 16
7 2
2 12
1 16
9 13
0 1
5 1
5 11
14 5
12 9
13 14
1 8
4 7
18 13
1 2
0 7
19 19
3 19
19 11
4 11
16 12
10 17
14 15
0 15
0 10
17 14
18 16
13 0
11 13
18 0
4 5
8 2
9 8
7 1
8 7
3 12
