12 70 889
00011000000
01011000000
01001000000
01001000000
01001000000
01001001000
01001001000
01000001000
01000001000
01000001000
01000000000
01000000000
000000000000
000000000000
000000000000
000000000000
000000000000
000000000000
000000000000
000000000000
000000000000
000001111111
000000000000
10 10
10 11
10 7
2 1
1 7
6 5
9 10
1 8
3 10
3 7
4 1
7 1
1 0
2 8
8 9
2 2
6 6
3 3
11 2
11 4
9 3
8 1
3 0
0 2
0 1
4 10
7 5
9 6
7 9
0 0
7 11
5 11
5 9
6 8
5 2
8 10
9 8
9 4
11 8
11 6
4 11
1 9
6 7
8 7
4 8
9 11
6 1
8 3
6 0
4 4
0 8
8 11
3 1
2 5
3 4
3 2
5 10
8 8
8 6
7 4
8 5
10 0
0 9
11 7
2 0
1 3
5 7
7 7
9 0
11 11
