12 132 2554
00000000100
00000000100
00000000100
00000000100
00000000100
00000000100
00000000100
00000000100
00000000110
00000000110
00000000110
00000000010
111100000000
000000000000
000000000000
000000000000
000000000000
000000000000
000000000000
000000000000
000000000000
000000000000
000000000000
3 1
5 3
7 1
0 7
11 6
7 7
0 0
6 2
0 9
5 5
11 7
10 11
2 11
8 10
5 7
4 11
7 4
5 0
0 5
9 6
5 9
2 4
8 5
10 8
10 10
1 11
10 9
8 9
1 4
5 2
1 9
7 8
8 8
0 2
1 1
6 1
10 7
2 1
10 5
8 6
9 9
4 0
9 0
1 0
6 8
11 2
7 0
8 0
11 9
11 8
1 3
2 2
0 11
5 1
7 5
3 9
5 6
4 10
4 9
2 9
9 11
7 11
4 6
6 7
2 0
4 3
9 5
8 2
10 2
3 11
6 0
6 10
9 3
11 3
5 10
4 2
2 8
4 7
11 5
7 6
8 1
9 1
5 11
11 0
4 5
10 6
4 1
1 2
5 4
3 6
4 4
3 2
6 11
9 2
2 3
10 4
0 6
0 4
9 8
1 7
3 4
2 10
1 6
1 8
11 10
2 6
6 3
6 5
3 5
0 10
9 10
11 11
10 0
8 4
3 7
1 5
11 4
8 3
6 4
2 5
3 3
1 10
0 1
7 9
11 1
9 7
7 2
0 8
2 7
5 8
6 9
9 4
