13 69 1314
011000001000
011000001000
011000000000
011000001000
011000001000
011000001000
010000001000
000000001000
000000001000
000000001000
000000001000
000000001000
000000001000
0000000000000
0000000000000
0000000000000
0000000000000
0000000000000
0000000000000
0000000000000
0000000000000
0000000000000
0000000110000
0000111110000
0000000000000
5 7
1 4
10 12
1 10
1 5
5 9
10 5
9 10
4 3
1 8
8 2
8 10
6 6
10 10
7 6
4 1
1 11
3 1
6 9
4 11
8 6
3 0
11 1
8 8
4 9
1 9
12 1
4 7
10 4
12 6
3 4
3 8
11 12
6 5
5 12
7 10
5 6
0 6
2 5
3 11
4 8
8 4
11 5
9 12
0 12
3 12
6 10
2 1
0 11
7 4
1 2
0 9
12 11
4 12
0 4
10 1
12 2
8 9
5 8
11 4
12 8
4 4
0 3
2 8
9 8
0 8
12 12
9 4
9 0
