11 101 1999
0000000100
0010000100
0010000100
0010000100
0010000100
0000000100
0000000100
0000000000
0000000000
0010000000
0000000000
11111100000
00000000000
00000000000
00000000000
00000000000
00000111000
00000000000
00000000000
00000000111
00011111111
0 8
8 5
5 6
5 4
5 3
1 0
4 4
9 6
10 4
9 10
7 1
10 10
1 5
1 4
6 2
2 4
10 8
1 10
0 2
1 8
7 9
2 8
4 5
4 9
3 4
6 0
10 1
1 9
3 5
8 1
8 6
2 2
0 6
9 8
6 4
5 2
7 7
7 3
10 3
3 0
8 7
4 1
1 1
7 5
9 0
1 6
6 9
0 5
10 0
10 7
2 3
9 3
0 1
2 9
4 6
2 7
5 1
8 10
6 1
8 4
2 6
10 2
5 9
8 8
6 3
9 4
7 6
9 2
9 9
10 5
4 2
2 10
0 10
4 7
0 4
1 2
6 8
8 0
7 10
1 3
0 7
6 10
6 6
3 9
10 9
7 0
2 0
9 5
5 5
5 8
3 1
7 2
3 7
8 3
1 7
0 9
0 0
7 8
7 4
8 2
9 1
