16 197 4098
000000000000000
000000000000000
000000000000000
000000000000000
000000000000000
000000000000000
000000000000000
000000000000000
000000000000000
000000000000000
000000000000000
000000000000000
000000000000000
000000000000000
000000000000000
000000000000000
0000000000000000
0000000000000000
0000000000000000
0000000000000000
1111111111111100
0000000000000000
0000000000000000
0000000000000000
0000000000000000
0000000000000000
0000000000000000
0000000000000000
0000000000000000
0000000000000000
0000000000000000
8 0
5 6
0 7
0 0
9 12
15 14
13 1
10 0
9 1
6 11
15 13
5 0
11 10
9 15
5 11
2 2
4 11
10 10
12 9
8 2
11 8
13 13
4 5
10 3
2 3
4 1
7 7
0 4
13 12
14 11
11 2
1 13
4 3
11 0
9 11
10 5
0 3
5 12
3 13
1 9
5 9
4 12
2 5
12 1
14 6
2 4
10 8
4 8
3 8
5 5
8 7
3 1
8 1
13 2
7 9
1 3
5 7
2 8
9 4
6 13
9 9
9 5
8 13
8 12
8 3
1 12
4 10
6 6
14 1
7 6
11 11
15 2
12 0
14 12
13 5
7 4
11 14
3 15
0 8
1 6
12 3
14 2
3 2
7 5
6 2
13 6
10 4
8 8
15 9
3 11
11 7
1 0
9 3
6 0
12 4
14 4
8 4
7 2
9 6
2 13
0 5
4 0
2 6
15 3
9 0
9 10
4 15
14 9
1 8
7 13
3 7
12 14
2 15
10 2
12 12
0 14
13 9
14 3
15 0
0 1
6 8
10 14
14 15
15 15
10 1
2 12
8 5
1 14
15 6
11 15
15 12
12 7
10 6
1 10
6 12
6 15
11 4
1 4
0 15
0 6
11 5
12 11
9 8
0 11
2 11
5 13
12 8
12 13
14 14
5 15
8 15
9 7
15 11
3 14
4 2
4 13
10 12
11 9
11 3
12 2
7 0
13 4
3 4
4 14
7 12
6 7
5 4
13 14
13 11
9 2
15 5
1 5
11 1
3 9
14 13
8 6
15 8
13 7
13 3
12 6
10 15
8 14
6 4
9 14
13 15
5 3
0 2
7 8
15 4
13 8
2 10
10 11
7 14
5 8
15 10
0 10
1 2
