19 297 10231
000000000000100100
000000010000100100
000000010000100100
000000010000100000
000000010000100000
000000010000000000
000000010000000000
000000000000000000
000000000000000000
000000000000000000
000000000100000000
000000000100000000
000000000100000000
000000000100000000
000000000000000000
000000000000000000
000000000000000000
010000000000000000
010000000000000000
0000000000000000000
0000000000000000000
0000000000000000000
0000000000000000000
0000000000000111000
0000000000000000000
1111111110000000000
0000000000000000000
0000000000000000000
0001111111111111111
0000000000000000000
0000000000000000000
0000000000000000000
0000000000000000000
1111111100000000000
1111111111111110000
0011111110000000000
0000000000000000000
13 13
11 6
15 3
17 11
9 3
6 5
14 15
9 16
17 16
16 15
10 16
1 8
10 17
16 13
10 4
7 1
13 16
15 0
14 12
6 9
2 3
15 12
16 0
17 13
16 9
14 1
10 13
2 4
9 15
7 11
8 2
1 2
6 16
14 18
18 14
3 0
6 14
2 5
6 17
2 13
10 1
12 18
12 8
11 4
11 15
11 13
4 6
2 8
2 1
4 13
18 15
18 3
10 0
4 10
3 14
13 3
5 1
3 13
2 17
14 7
2 15
7 0
13 4
16 10
12 9
6 4
2 7
13 15
14 9
6 8
5 15
5 2
2 6
4 7
18 18
5 3
17 5
6 7
16 7
11 11
1 14
7 9
15 13
15 17
6 15
8 13
8 4
10 5
8 0
0 4
14 2
7 6
9 11
12 2
9 13
4 16
8 7
13 9
9 0
11 17
13 12
7 14
1 9
5 7
3 10
18 2
1 3
0 7
18 17
1 18
3 9
16 2
3 17
11 18
0 16
2 16
12 6
7 8
16 14
9 1
17 1
18 7
9 4
9 5
0 2
17 17
10 15
8 10
10 10
12 1
14 16
4 3
3 4
14 5
14 0
18 4
6 2
6 11
2 12
4 0
17 15
6 6
5 11
11 8
13 10
10 11
10 8
10 3
9 14
12 16
13 1
10 6
12 7
0 5
7 15
6 10
5 0
14 13
7 16
12 3
15 6
11 2
0 12
17 4
7 2
18 1
1 13
11 1
1 15
7 18
5 14
17 9
0 11
18 10
12 15
17 10
0 10
12 17
0 13
4 17
18 16
16 1
6 13
9 18
17 0
15 16
16 11
0 18
8 8
7 10
6 18
15 11
1 17
13 2
2 18
13 18
18 12
8 15
18 11
15 5
16 5
11 5
18 8
15 8
4 15
12 4
13 8
0 3
6 3
16 16
8 16
17 7
0 6
4 14
1 12
14 17
11 16
10 14
1 1
8 9
1 5
12 12
3 2
12 14
2 9
8 18
16 4
8 5
11 0
9 10
9 6
10 18
5 5
4 8
0 15
14 4
4 18
10 7
3 7
16 18
13 5
0 8
8 12
17 12
11 10
5 12
13 11
7 4
18 6
12 13
14 10
13 6
15 1
9 2
10 2
3 18
0 1
12 5
11 9
5 6
0 0
6 12
17 3
4 5
14 8
11 14
2 14
6 1
6 0
11 12
5 8
11 7
9 17
1 16
3 8
3 16
7 17
12 0
4 12
3 3
12 10
12 11
4 9
8 6
9 8
0 14
14 3
17 6
16 3
16 12
14 11
10 12
1 11
17 18
1 4
8 17
1 7
