17 81 1586
0000000000000000
0000000000000000
0000000000000000
0000000000000000
0000000000000000
0000000000000000
0000000000000000
0000000000000000
0000000000000000
0000000000001000
0000000000001000
0000000000001000
0000000000001000
0000000000001000
0000000000001000
0000000000001000
0000000000001000
00000000000000000
00000000000000000
00000000000000000
00000000000000000
00000000000000000
00000000000000000
00000000000000000
00000000000000000
00000000000000000
00000000000000000
00000000000000000
00000000000000000
00000001111110000
00000000000000000
00000000000000000
00000000000000000
16 5
6 13
13 10
9 16
13 1
4 15
2 12
11 5
3 1
6 10
2 15
3 2
7 8
8 1
3 5
9 10
8 2
13 13
6 7
9 14
11 1
6 12
12 9
12 11
1 16
3 8
8 13
5 4
13 5
11 14
9 7
8 7
2 2
7 16
10 0
15 10
12 8
15 8
0 14
8 3
11 10
16 8
12 3
11 11
0 11
5 16
13 11
4 12
3 7
8 4
10 3
13 7
12 12
9 9
1 5
5 2
8 16
0 10
14 8
0 5
11 4
12 5
4 4
7 0
0 3
2 5
11 15
13 12
5 9
4 0
16 6
13 14
12 16
12 7
7 4
6 15
2 4
5 6
11 2
14 12
14 6
