11 66 656
0000000000
0000000000
0000000000
0000000000
0000000000
0000000000
0000000000
0000000000
0000000000
0000000000
0000000000
00000000000
00000000000
00000000000
00000000000
00000000000
00000000000
00000000000
00000000000
00000000000
00000000000
9 0
2 6
1 9
9 5
3 6
2 5
10 4
5 10
2 8
5 5
7 1
10 5
8 3
1 0
8 4
5 2
8 10
6 2
10 2
1 4
4 7
3 10
8 6
10 6
4 6
6 4
5 7
2 9
1 1
1 7
0 5
7 6
6 6
9 3
6 3
7 7
10 9
9 10
1 10
9 6
2 0
7 4
6 8
10 0
5 0
4 3
3 3
1 3
6 10
6 5
8 0
7 5
0 7
5 9
10 8
8 8
10 10
2 3
8 9
6 7
9 1
6 1
4 0
9 9
0 10
3 9
