18 215 5937
00000100000000000
00000100000000000
00000100000000000
00000100000100000
00000100000000000
00000100000000000
00000100000000000
00000100000000000
00000100000000000
00000100000000000
00000100000000000
00000100000000000
00000000000000000
00000000000000000
00000000000000000
00000000000000000
00000000000000000
00000000000000000
000000000000000000
000000000011111111
000000000001111111
000000000000000000
000000000000000000
000000000000000000
000000000000000000
000000000000000000
000000000000000000
000000000000000000
000000000000000000
000000000000000000
000000000000000000
000000000011111111
000000000000000000
000000000000000000
000000000000000000
13 7
17 4
14 3
17 10
3 15
10 17
11 0
10 12
0 12
17 3
10 3
5 14
13 2
0 0
0 7
14 8
7 3
2 17
12 11
10 4
5 2
14 9
10 11
13 11
0 9
5 4
7 10
3 11
16 14
14 6
9 10
1 1
0 11
14 15
7 9
11 12
9 14
4 12
10 2
11 7
2 5
11 14
14 4
9 15
10 5
7 5
15 3
2 8
11 17
0 3
14 11
7 16
11 13
3 17
16 16
12 2
8 9
15 10
8 11
13 0
9 4
4 6
1 8
12 5
13 13
16 13
8 2
16 15
4 4
12 10
2 7
2 10
13 10
9 7
9 5
8 12
12 1
4 16
1 5
17 14
0 14
2 0
9 17
3 7
7 13
8 15
11 11
5 15
9 1
6 16
13 6
16 7
13 16
15 1
10 8
6 8
0 6
4 1
1 16
7 6
8 17
16 5
0 4
6 17
10 14
3 6
5 3
16 3
10 15
12 8
6 10
17 16
12 16
15 5
11 2
5 0
13 4
11 15
12 15
16 17
11 4
10 10
9 9
11 1
9 8
4 11
11 5
9 16
17 1
5 12
0 17
9 13
8 5
15 0
8 6
14 12
0 1
15 17
11 8
17 6
2 14
9 12
13 14
4 14
14 13
8 1
10 9
5 13
6 14
1 14
9 11
13 1
8 8
14 17
11 9
6 12
2 3
16 4
6 1
15 12
16 12
17 12
14 1
1 7
14 5
5 8
3 16
13 17
6 6
5 5
2 4
5 11
3 3
11 16
10 1
8 16
14 10
16 10
0 8
4 8
0 15
15 6
5 10
13 12
16 6
7 12
2 1
8 0
6 5
7 4
14 0
15 9
16 11
17 8
9 0
1 17
12 17
15 16
5 7
17 9
17 15
1 0
9 3
9 2
3 12
12 3
3 1
3 9
4 10
2 12
12 9
3 4
10 16
8 10
7 14
