11 62 1247
0110010000
0110010000
0110010000
0110010100
0110010100
0110011100
0110011100
0100011100
0100011100
0000011100
0000001100
01000000000
00000000000
00000000000
00000000000
00000000000
00000000000
00000000000
00000000000
00000000000
00000000000
0 9
7 10
10 5
7 3
6 3
4 2
0 6
3 6
2 1
5 3
1 10
9 5
9 0
5 6
4 5
1 3
9 1
3 4
8 2
6 7
2 4
6 1
1 4
8 9
5 5
6 4
8 3
1 2
4 10
5 1
9 4
10 0
5 10
3 2
2 3
2 8
1 1
10 8
7 8
7 6
10 10
7 5
5 7
7 4
9 8
9 2
8 8
3 10
6 8
5 0
0 2
7 1
0 3
1 7
0 10
6 6
1 8
1 5
9 10
7 7
5 2
0 8
