19 77 1747
000000000000000000
000000000000000000
000000000000000000
000000000000000000
000000000000000000
000000000000000000
000000000000000000
000000000000000000
000000000000000000
000000000000000000
000000000000000000
000000000000000000
000000000000000000
000000000000000000
000000000000000000
000000000000000000
000000000000000000
000000000000000000
000000000000000000
0000000000000000000
0000000000000000000
0000000000000000000
0000000000000000000
0000000000000000000
0000000000000000000
0000000000000000000
0000000000000000000
0000000000000000000
0000000000000000000
0000000000000000000
0000000000000000000
0000000000000000000
0000000000000000000
0000000000000000000
0000000000000000000
0000000000000000000
0000000000000000000
14 15
8 1
0 18
16 7
12 0
15 14
8 6
3 16
7 14
11 1
15 17
4 11
0 17
5 8
15 4
1 17
2 5
15 11
14 8
14 10
4 10
5 13
1 1
10 8
2 2
12 1
18 5
2 18
18 15
15 3
9 14
7 0
14 12
1 14
18 1
1 11
4 14
6 9
18 3
10 0
4 17
8 12
8 15
11 17
16 0
10 16
10 3
17 11
12 16
17 13
15 16
18 10
14 14
12 6
16 18
4 4
12 7
18 4
4 13
10 15
9 17
13 6
12 9
1 7
17 2
7 15
1 2
0 3
5 6
11 6
6 13
13 7
12 17
0 12
2 7
13 10
0 0
