14 105 3407
0000010000000
0000010000000
0000010010000
0001010010000
0001010010000
0001010010000
0001010010000
0001010010000
0001010010000
0001010010000
0101010010000
0101010010000
0101000010000
0000000010000
00000000000000
00000000000000
00000000000000
00000000000000
00000000000000
00000000000000
00000000000000
00000000000000
00000011000000
00000000000000
00000000000000
00000000000000
11111110000000
0 6
10 11
9 6
7 5
7 0
1 9
13 6
12 10
11 7
11 12
11 3
0 8
6 3
7 2
6 0
4 3
1 6
11 11
9 2
4 7
0 1
8 4
8 10
2 6
3 1
12 7
4 13
10 5
4 1
0 7
8 1
9 0
7 8
9 8
1 0
1 3
2 11
2 0
6 4
6 6
11 0
2 1
11 1
7 13
3 13
9 11
7 6
10 4
1 5
0 3
9 9
3 3
7 12
8 9
11 4
8 3
6 9
3 11
3 9
12 13
4 6
11 9
9 12
5 8
6 11
2 4
3 7
10 12
11 2
12 3
5 2
13 4
13 7
13 0
8 5
8 11
0 10
2 8
4 10
10 6
4 11
10 1
9 1
7 4
1 2
13 12
13 3
11 5
0 0
1 8
7 11
5 4
5 1
2 12
2 13
0 9
3 10
6 12
2 7
12 5
12 2
4 9
10 13
8 8
8 6
