15 153 3578
00000000000000
00000000000000
00000000000000
00010000000000
00010100000000
00010100000000
00011101000000
00011101000000
00011101000000
00011101000000
00011101000000
00011101000000
00001101000000
01001101000000
01001101000000
111111000000000
000000000000000
111111100000000
000000000000000
000000000000000
100000000000000
000000000000000
000000000000000
000000000000000
000000000000000
000000000000000
000000001111100
000000000000000
000000000000000
14 5
7 8
13 12
11 10
3 14
10 10
8 4
8 2
12 1
2 1
5 14
4 2
7 14
7 3
10 2
4 7
8 10
12 5
2 11
14 12
14 7
0 14
11 4
2 10
12 11
2 8
7 2
13 0
13 4
3 0
0 5
4 1
1 9
14 0
14 10
0 9
6 6
10 0
4 0
6 3
4 11
12 3
7 7
8 13
9 4
11 11
1 6
1 11
2 12
3 6
12 12
13 10
13 11
12 13
7 13
9 7
5 1
5 5
7 9
9 3
5 13
8 3
0 6
6 12
3 11
5 10
3 3
1 7
1 14
4 3
9 0
0 12
2 7
4 14
12 4
0 4
14 2
14 8
11 6
1 13
2 13
9 5
14 1
0 7
3 5
8 1
0 13
8 6
1 8
8 0
14 3
7 5
6 5
6 9
10 13
0 2
12 7
11 12
6 1
9 14
10 14
8 12
12 14
9 13
6 7
9 9
6 13
8 8
3 2
14 14
10 3
11 13
13 1
11 2
1 10
10 8
12 9
11 1
4 10
8 14
13 3
2 3
2 4
13 9
1 2
5 11
5 9
11 7
13 8
0 11
12 0
7 12
10 1
12 10
3 13
13 5
14 6
6 10
11 14
10 11
10 12
7 6
0 1
9 10
11 3
10 7
6 2
0 8
1 3
1 4
9 11
11 9
11 0
