14 177 2593
0000000000000
0000000000000
0000000000000
0000000000000
0000000000000
0000000000000
0000000000000
0000000000000
0000000000000
0000000000000
0000000000000
0000000000000
0000000000000
0000000000000
00000000000000
00000000000000
00000000000000
00000000000000
00000000000000
00000000000000
00000000000000
00000000000000
00000000000000
00000000000000
00000000000000
00000000000000
00000000000000
10 8
2 4
13 3
13 13
4 6
10 5
12 1
9 10
10 10
1 2
10 9
1 1
10 2
10 6
12 12
4 11
3 7
13 4
11 2
7 3
4 7
6 3
7 5
9 5
13 8
13 9
4 1
5 11
9 13
10 1
4 0
8 1
9 8
2 8
3 5
8 10
9 4
1 9
9 3
7 11
12 9
7 9
3 11
8 3
1 12
7 12
12 5
13 11
5 10
5 3
12 7
5 4
13 6
5 8
8 4
6 7
8 13
5 9
9 7
9 6
11 0
7 10
1 5
13 12
8 12
8 2
10 11
8 8
11 13
3 6
9 11
6 2
12 3
2 2
7 6
1 3
13 10
11 5
10 0
10 13
2 5
13 7
11 8
11 10
7 13
9 12
0 2
11 7
2 10
1 13
7 0
7 1
2 7
1 6
9 0
12 0
1 7
0 4
5 6
2 6
1 8
10 4
0 12
0 0
5 1
9 2
0 8
5 2
12 2
2 12
11 3
1 0
6 0
6 11
1 11
5 12
13 0
6 9
0 11
8 7
0 9
9 9
8 11
3 10
0 1
6 13
4 3
3 8
13 1
3 13
11 1
5 7
7 7
6 4
3 2
0 10
2 0
3 9
4 9
4 4
8 0
12 4
6 6
12 8
5 13
11 11
10 7
13 5
6 5
9 1
6 12
4 5
12 10
4 8
8 9
12 13
11 12
0 13
6 1
3 1
2 3
4 12
13 2
11 6
2 11
8 6
0 7
3 12
4 10
4 13
1 4
2 1
8 5
1 10
12 11
3 4
4 2
