14 120 1523
0000000000001
0000000000001
0000000000000
0000000000000
0000000000000
0000000000000
0000000000000
0000000000000
0000000000000
0000000000000
0000000000000
0000000000000
0000000000000
0000000000000
00000000000000
00000000000000
00000000000000
00000000000000
00000000000000
00000000000000
00000000000000
00000000000000
00000000000000
00000000000000
00000000000000
00000000000000
00000000000000
1 11
10 9
12 11
0 4
3 2
10 5
13 8
7 9
5 7
6 13
3 6
6 11
2 5
0 6
2 9
2 13
10 4
7 2
2 7
6 10
8 3
8 11
10 12
7 0
12 12
10 6
7 13
12 6
13 5
4 3
7 10
0 7
8 2
0 11
5 1
13 4
13 9
8 0
12 9
7 5
9 1
11 9
4 10
10 11
1 1
11 2
13 0
5 5
5 9
12 4
9 0
11 13
7 3
11 0
1 7
13 11
12 10
10 1
2 11
9 3
1 12
11 12
4 4
6 12
1 9
4 11
10 0
5 6
1 3
13 1
1 5
6 7
0 8
9 13
0 5
6 3
7 8
2 10
3 1
8 7
11 4
10 8
6 0
8 5
2 1
12 5
3 9
1 0
2 2
2 0
11 10
13 12
11 6
5 11
5 13
13 2
5 4
3 5
2 4
11 1
10 2
13 10
7 6
3 8
9 4
9 6
0 0
11 7
4 13
9 12
1 2
8 1
4 0
5 8
0 2
8 12
4 6
8 9
3 4
12 7
