18 220 3765
00000000000000000
00000000000000000
00000000000000000
00000000000000000
00000000000000000
00000000000000000
00000000000000000
00000000000000000
00000000000000000
00000000000000000
00000000000000000
00000000000000000
00000000000000000
00000000000000000
00000000000000000
00000000000000000
00000000000000000
00000000000000000
000000000000000000
000000000000000000
000000000000000000
000000000000000000
000000000000000000
000000000000000000
000000000000000000
000000000000000000
000000000000000000
000000000000000000
000000000000000000
000000000000000000
000000000000000000
000000000000000000
000000000000000000
000000000000000000
000000000000000000
12 11
4 6
12 12
8 1
8 9
4 7
6 14
11 12
2 1
1 14
14 7
13 14
9 11
12 17
8 14
2 10
17 17
12 16
8 6
4 16
2 14
7 16
10 14
3 11
0 4
2 4
2 9
3 10
17 15
14 6
3 4
13 6
4 17
4 3
15 11
5 11
9 1
6 16
1 2
0 6
2 12
1 9
1 12
15 9
8 10
6 1
8 8
3 9
0 17
15 0
17 3
4 14
3 3
12 9
14 3
10 9
15 16
7 17
0 12
12 7
5 12
7 13
7 3
12 4
14 4
16 10
16 2
2 13
16 17
11 16
17 13
1 0
10 4
5 3
7 2
0 5
16 16
0 7
11 1
6 10
7 11
13 1
2 11
13 15
4 1
9 15
2 6
2 3
13 16
10 1
7 5
16 6
4 5
17 12
16 5
5 4
1 8
14 1
16 13
5 6
0 14
11 6
13 13
16 8
1 10
15 6
5 13
17 7
9 6
4 12
2 7
0 13
15 8
6 11
2 5
6 13
10 7
12 3
4 8
13 12
3 2
14 8
6 12
3 7
5 5
7 10
17 14
15 7
14 0
6 4
3 8
13 17
7 14
12 1
3 17
15 14
12 10
3 1
14 12
11 11
3 0
1 13
9 14
8 17
9 10
10 16
2 8
17 1
5 0
5 16
9 4
5 2
1 4
8 0
13 8
11 3
10 15
6 15
16 7
11 14
12 14
2 15
3 6
12 0
10 11
9 12
14 13
7 4
14 9
9 13
8 7
6 5
15 2
15 10
1 5
0 3
10 10
6 9
11 5
10 3
7 7
14 2
15 15
16 14
12 8
14 15
16 12
9 0
11 0
1 1
17 4
1 6
7 0
13 11
5 1
12 5
7 6
16 1
17 11
14 17
7 15
5 17
13 4
7 8
16 9
9 17
16 11
11 15
14 5
11 17
13 9
9 7
13 0
13 2
2 2
15 3
14 10
0 9
2 17
0 11
