14 30 406
0000000000001
0000000000001
0000000000001
0110000000001
0110000000001
0110000000001
0110000000001
0110000000001
0110000000001
0010000000001
0010000000001
0010000000000
0010000000000
0000000000000
00000000000000
11000000000000
11111111111100
00000000000000
00000000000000
00000000000000
00000000000000
00011110000000
00000000000000
00000000000000
00000000000000
00000000000000
00000000000000
13 8
1 4
7 0
8 5
10 10
9 10
6 3
4 3
13 7
3 13
13 0
1 11
1 3
8 0
4 6
8 8
4 12
4 7
3 3
5 7
9 1
6 12
10 9
13 2
11 5
3 7
12 7
13 3
3 0
7 1
