17 248 6201
0000000000000001
0000000000000001
0000000000000001
0000000000000000
0000000000000000
0000000000000000
0000000000000000
0000000000000000
0000000000000000
0000000000000000
0000000000000000
0000000000000000
0000000000000000
0000000000000000
0000000000000000
0000000000000000
0000000000000000
00000000000000000
00000000000000000
00000000000000000
00000000000000000
00000000000000000
00000000000000000
00000000000000000
00000000000000000
00000000000000000
00000000000000000
00000000000000000
11111111111100000
00000000000000000
00000000000000000
00000000000000000
00000000000000000
11 9
8 5
0 6
0 15
1 11
14 5
3 2
4 5
1 3
0 16
6 6
4 8
15 9
16 12
5 8
8 8
9 15
12 2
5 9
2 11
1 10
1 12
9 0
2 13
0 2
0 11
3 15
11 7
6 12
7 8
1 2
14 9
6 5
4 11
15 3
3 7
0 10
2 16
2 8
6 11
1 4
3 13
4 10
2 1
5 3
14 6
5 11
14 8
7 9
7 7
14 4
0 5
15 8
16 15
3 3
10 0
16 1
3 11
16 4
8 9
12 13
12 11
8 2
9 16
13 11
2 10
4 9
7 1
1 8
11 3
13 16
0 13
14 16
15 6
5 7
2 15
9 4
5 1
7 0
7 16
13 10
6 4
10 8
9 2
6 14
14 3
15 15
2 3
16 7
6 13
6 3
3 1
12 8
3 5
8 0
12 5
8 15
3 10
10 10
0 3
11 0
1 16
1 7
15 13
8 1
13 4
7 13
5 0
4 14
13 13
15 7
7 11
4 1
16 10
7 12
16 5
14 1
13 6
11 10
1 1
15 14
9 10
11 14
6 7
9 12
12 10
12 12
4 3
7 2
11 4
0 1
2 2
11 8
11 16
2 12
1 0
1 5
4 2
13 1
16 13
11 5
8 4
8 10
8 3
9 5
0 12
14 14
4 12
5 14
16 16
6 16
10 11
1 14
5 4
3 14
2 14
2 0
6 1
2 9
14 13
7 14
11 12
15 2
12 9
14 0
12 4
11 1
13 3
13 0
7 5
7 4
11 15
11 2
1 13
5 13
7 10
4 7
1 15
9 9
14 11
10 7
2 6
14 7
9 3
4 0
6 8
7 15
4 15
8 7
13 9
12 16
2 5
15 0
0 8
8 6
15 1
5 2
14 15
13 14
4 4
6 2
14 12
10 5
10 1
4 6
13 5
0 9
3 0
11 11
15 5
15 4
3 12
8 12
16 14
10 2
8 16
12 15
16 9
16 0
8 11
0 14
9 8
1 6
5 15
13 15
5 5
3 16
5 16
2 4
10 3
12 6
0 7
8 14
14 2
16 3
6 9
4 16
13 8
10 4
0 0
12 1
15 12
9 14
3 9
10 15
8 13
3 6
10 13
