16 234 2839
000000000000000
000000000000000
000000000000000
000000000000000
000000000000000
000000000000000
000000000000000
000000000000000
000000000000000
000000000000000
000000000000000
000000000000000
000000000000000
000000000000000
000000000000000
000000000000000
0000000000000000
0000000000000000
0000000000000000
0000000000000000
0000000000000000
0000000000000000
0000000000000000
0000000000000000
0000000000000000
0000000000000000
0000000000000000
0000000000000000
0000000000000000
0000000000000000
0000000000000000
1 9
12 0
12 14
13 2
10 5
12 2
3 7
7 12
12 15
4 8
9 0
0 9
11 5
9 11
6 4
2 8
14 3
15 1
13 7
5 8
4 10
12 1
6 15
12 5
11 8
12 13
0 12
2 10
10 0
14 0
7 9
3 14
11 10
5 0
3 1
3 4
1 10
8 8
11 12
14 5
15 12
8 2
4 14
7 6
12 10
15 10
3 3
10 1
2 7
3 15
3 5
8 5
4 15
5 11
11 6
9 8
7 10
6 6
10 4
11 2
2 3
8 10
15 3
3 0
7 5
10 15
7 4
9 3
10 14
8 12
6 11
1 2
12 11
6 0
3 10
12 6
13 12
9 9
2 2
6 3
13 4
13 3
13 8
0 7
11 15
5 4
9 6
7 1
8 14
12 9
0 11
3 8
14 4
2 9
9 10
1 13
0 14
14 6
0 13
6 8
5 12
0 8
10 6
5 5
7 11
0 3
4 9
15 4
2 1
2 11
2 15
10 7
7 15
13 1
5 7
14 1
9 12
1 1
2 4
9 15
11 9
3 2
4 6
5 9
13 15
1 12
8 7
6 2
2 12
15 7
9 14
12 7
12 8
8 13
12 4
0 1
10 12
7 8
11 3
5 13
10 2
13 5
11 7
15 9
14 14
7 3
4 1
8 11
5 14
1 8
14 7
10 13
3 6
7 0
13 9
8 9
10 10
14 12
15 15
4 11
3 12
8 6
0 5
5 3
9 1
0 0
15 8
9 4
15 11
14 8
6 13
10 11
4 4
1 14
15 13
15 6
14 11
10 3
4 5
1 6
2 5
10 9
6 7
6 10
14 2
15 5
11 4
15 2
6 5
7 13
13 0
15 0
4 0
5 10
13 14
4 12
1 11
5 1
11 11
8 3
11 13
1 4
6 14
14 15
11 0
8 0
0 15
13 13
4 7
9 13
6 9
9 5
1 5
10 8
4 2
13 10
13 11
8 1
0 2
14 10
12 12
14 13
2 14
2 0
3 11
5 6
1 0
1 7
0 10
7 14
15 14
2 6
7 2
7 7
