15 56 1760
10000000000000
10000000000000
10000000000000
10000000000000
10000000000000
00000000100000
00000000100000
00000000100000
00000000000000
00000000000000
00000000000000
00000000000000
00000000000000
00000000000000
00000000000000
000000000000000
000000000000000
000000000000000
000111111111111
000000000000000
000000000000000
000000000000000
111111111111100
000000000000000
000000000000000
000000000000000
000000000000000
000000000000000
000000000000000
1 0
10 10
2 14
12 12
1 9
10 8
5 2
9 12
11 5
2 7
10 13
4 14
9 14
6 13
5 7
1 5
7 9
7 10
12 2
14 12
10 11
9 0
5 5
9 11
7 3
7 5
1 10
10 1
8 8
13 3
1 2
6 3
0 11
2 9
4 8
10 0
5 4
6 5
3 6
0 6
14 5
6 7
1 14
6 12
9 9
8 0
6 1
11 0
14 0
11 13
8 1
0 1
10 3
3 14
3 11
2 13
