14 187 3692
1000000000000
1001001000010
1001001000000
1001000000000
1001000000000
1001000000000
1001000000000
1001000000000
1001000000000
1001000000000
1001000000000
1001000000000
1001000000000
0001000000000
00001111111110
00000000000000
00000000000000
00000000000000
00000000000000
00000000000000
00000000000000
00000000000000
00110000000000
00000000000000
00000000000000
00000000000000
00000000000000
7 3
10 13
6 4
7 10
9 10
12 10
0 1
11 0
2 7
5 6
0 9
9 11
12 3
2 2
6 13
1 12
7 6
6 3
9 6
9 9
12 12
7 9
5 2
8 6
9 1
8 12
8 11
4 9
5 7
8 10
3 1
1 1
5 4
0 5
12 11
2 6
13 1
13 11
13 0
1 2
2 12
0 6
7 8
9 13
7 11
4 2
12 4
1 3
8 9
0 12
6 9
2 9
6 11
13 8
4 8
11 5
5 11
11 6
12 2
10 10
11 10
8 5
1 4
11 8
10 7
3 11
6 0
2 13
4 4
7 1
11 4
12 6
7 2
3 0
1 8
4 3
8 4
1 0
2 5
0 13
7 5
4 10
0 4
6 10
5 8
11 3
1 7
2 3
5 13
0 3
5 12
10 8
10 3
6 1
3 7
1 5
8 8
5 5
2 10
9 0
4 6
3 8
9 3
11 13
7 12
5 0
2 4
10 5
3 4
10 11
1 11
9 4
3 2
0 8
13 5
1 13
7 7
8 2
12 0
7 4
3 3
13 10
10 0
13 9
4 11
10 6
3 12
3 5
4 12
7 13
4 5
8 7
11 7
10 4
13 2
12 7
0 0
0 2
11 2
13 4
2 1
6 5
9 8
5 9
10 2
12 5
8 13
5 1
0 11
3 6
9 7
11 9
13 13
0 7
13 6
10 1
1 10
1 9
6 6
3 10
10 9
12 9
6 7
11 11
3 9
12 8
9 12
4 13
8 0
8 1
5 3
2 0
9 5
6 12
13 12
12 1
0 10
6 2
3 13
13 7
6 8
12 13
8 3
10 12
4 1
5 10
4 7
