12 64 639
00000000000
00000000000
00000000000
00000000000
00000000000
00000000000
00000000000
00000000000
00000000000
00000000000
00000000000
00000000000
000000000000
000000000000
000000000000
000000000000
000000000000
111100000000
000000000000
000000000000
000000000000
000000000000
111100000000
9 10
7 8
9 9
5 10
10 10
7 9
5 3
4 8
3 6
0 1
0 11
1 10
9 2
3 1
11 8
5 9
4 2
3 10
9 8
10 6
5 8
11 4
4 0
1 11
8 11
8 6
10 3
10 11
11 3
8 10
4 11
0 9
9 6
4 4
3 5
7 11
1 9
2 6
10 4
1 6
0 3
6 9
2 8
1 1
7 6
7 10
11 1
0 10
0 7
4 7
3 9
8 8
4 1
11 11
8 9
4 3
11 6
6 5
9 4
6 6
3 0
5 2
0 4
10 7
