13 96 1350
000000000000
000000000000
000000000000
000000000000
000000000000
000000000000
000000000000
000000000000
000000000000
000000000000
000000000000
000000000000
000001000000
0000000000000
0000000000000
1111111111000
1100000000000
0000000000000
0000000000000
0000000000000
0000000000000
0000000000000
0000000000000
0000000000000
0000000000000
10 5
7 1
3 6
0 10
5 0
6 10
10 12
12 10
3 5
0 2
5 10
6 8
6 2
5 11
10 7
11 7
0 1
0 6
1 4
4 9
4 4
1 9
11 4
8 12
9 2
0 9
3 8
10 8
12 2
9 4
9 9
8 3
4 3
11 3
3 12
5 3
7 4
11 1
2 0
12 3
12 8
3 4
3 11
11 11
12 4
7 7
12 6
5 12
1 8
11 12
10 2
7 9
4 1
9 5
9 7
9 8
12 11
10 10
1 1
3 1
7 2
11 9
2 11
7 6
2 6
7 5
6 7
12 9
9 12
5 7
10 4
7 8
1 12
6 3
10 3
1 11
4 6
0 12
2 5
4 5
3 7
1 0
1 3
11 0
2 7
9 3
7 0
3 0
9 6
4 2
11 6
6 11
4 7
1 6
4 0
8 10
