10 80 1613
000000010
000001010
000001010
000001010
000001000
100001000
100001000
100001000
000001000
000001000
0000000000
0000000000
0000000000
0000000000
1111000000
0000000000
0000000000
0000000000
0000000000
6 3
1 0
6 8
5 1
3 6
4 3
1 6
1 5
2 9
4 4
5 3
1 3
7 3
2 8
6 1
7 9
2 0
3 4
0 6
9 3
2 3
1 7
5 9
2 5
1 2
8 5
3 1
2 6
3 2
7 6
6 5
6 7
1 1
8 8
1 9
8 7
0 2
0 7
2 2
5 5
7 7
6 2
8 6
6 0
0 5
6 9
4 1
9 7
2 4
4 2
7 1
0 1
5 7
5 0
6 6
5 2
3 0
3 9
7 5
8 0
5 4
5 8
9 4
0 0
4 6
9 2
8 3
0 9
8 2
9 6
4 8
2 1
0 4
7 8
7 2
7 0
7 4
3 5
9 5
3 7
