13 166 2408
000000000000
000000000000
000000000000
000000000000
000001000000
000001000000
000001000000
000001000000
000000000000
000000000000
000100000000
000100000000
000100000000
0000000000000
0000000000000
0000000000000
0000000000000
0000000000000
0000000000011
0000000000000
0001111111111
0000000000000
0000000000000
0000000000000
0000000000000
1 1
12 1
8 2
2 8
6 1
2 12
4 2
0 6
3 11
2 9
8 11
10 5
3 10
1 12
10 11
8 8
4 12
7 10
5 2
2 10
5 8
6 12
11 4
11 12
6 11
3 2
2 0
7 9
8 9
12 2
1 0
1 8
12 10
9 1
11 5
2 7
4 10
7 5
3 12
8 1
3 1
10 9
9 5
1 7
2 3
0 1
3 5
7 1
11 8
0 10
10 1
3 8
11 6
4 8
10 2
4 5
11 9
4 6
4 7
0 11
8 7
12 6
1 11
0 7
11 0
12 12
5 4
7 7
11 7
5 5
8 0
9 7
3 3
11 11
0 12
12 11
9 12
2 11
1 3
9 6
8 3
8 10
7 6
8 4
12 9
1 9
5 9
3 9
6 0
6 2
10 0
4 9
6 8
0 0
11 1
12 0
12 3
2 5
12 5
12 4
8 5
9 4
10 4
1 5
1 2
6 10
4 3
9 10
5 12
10 3
0 4
12 8
5 10
3 4
2 6
10 8
8 12
11 2
8 6
6 7
1 10
5 6
10 7
4 11
6 6
7 11
1 4
6 3
6 9
2 2
2 4
9 0
12 7
1 6
3 7
7 3
4 1
9 8
6 4
11 3
7 4
5 7
5 11
10 6
10 12
0 9
3 0
5 3
6 5
7 12
0 2
9 11
3 6
0 8
0 3
7 8
0 5
4 4
11 10
9 9
10 10
9 3
7 2
4 0
2 1
5 1
