20 111 2631
0000000000000000000
0000000000000000000
0000000000000000000
0000000000000000000
0000000000000000000
0000000000000000000
0000000000000000000
0000000000000000000
0000000000000000000
0000000000000000000
0000000000000000000
0000000000000000000
0000000000000000000
0000000000000000100
0000000000000000100
0000000000000000100
0000000000000000100
0000000000000000100
0000000000000000100
0000000000000000100
00000000000000000000
00000000000000000000
00000000000000000000
00000000000000000000
11111111111111111100
00000000000000000000
00000000000000000000
00000000000000000000
00000000000000000000
00000000000000000000
00000000000000000000
00000000000000000000
00000000000000000000
00000000000000000000
00000000000000000000
00000000000000000000
00000000000000000000
00000000000000000000
00000000000000000000
1 4
11 9
16 5
14 7
8 12
16 19
2 12
1 12
8 10
13 10
16 6
13 5
3 15
4 9
0 7
19 18
4 17
4 12
15 19
2 11
2 6
8 18
14 11
0 17
0 19
4 14
10 19
4 11
8 13
7 1
12 2
19 12
6 17
4 7
4 0
3 5
8 7
16 13
0 1
10 4
3 18
3 17
6 9
0 5
9 0
7 7
10 14
8 16
10 17
14 14
17 14
8 15
15 18
10 0
0 2
11 7
5 16
11 11
12 10
14 15
15 5
9 16
5 12
3 6
11 13
14 1
7 5
12 15
12 8
16 2
16 18
9 13
10 18
17 5
8 8
10 11
17 9
7 9
14 12
7 18
16 8
15 17
19 17
19 4
12 14
9 18
16 0
14 10
15 11
13 2
10 5
13 17
13 8
0 3
14 2
16 3
7 8
14 16
11 5
18 0
16 4
3 4
17 17
11 15
6 10
12 1
9 17
5 15
9 11
17 4
13 9
