20 295 9639
0000000100000000000
0000000100000000000
0000000100000000000
0000000100000000000
0000000100000000000
0000000100000000000
0000000100000000000
0000000100000000000
0000000100000000000
0000000100000000000
0000000100000000000
0000000100000000000
0000000100000000000
0000000100000000000
0000000100000000000
0000000100000000000
0000000100000000000
0000000000000000000
0000000000000000000
0000000000000000000
00000000000000000000
00000000000000000000
00000000000000000000
00000000000000000000
00000000000000000000
00000000000000000000
00000000000000000000
00000000000000000000
00000000000000000000
00000000000000000000
00000000000000000000
00000000000000000000
00000000000000000000
00000000000000000000
00000000000000000000
00000000000000000000
00000000000000000000
00000000000000000000
00000000000000000000
6 13
6 15
3 4
5 0
0 19
10 10
6 1
1 14
4 3
8 3
17 11
0 6
16 9
7 7
17 9
13 2
11 16
10 8
8 19
1 1
11 12
4 1
12 10
10 17
19 18
16 3
8 8
18 10
8 14
7 18
10 1
0 13
5 5
3 1
16 11
3 11
18 0
9 11
15 11
1 3
17 1
2 12
5 18
9 0
2 1
17 7
15 13
5 11
14 9
8 10
8 13
18 17
19 5
9 7
4 18
11 7
13 9
12 5
2 3
9 13
9 10
4 10
10 6
6 3
10 7
0 10
16 14
9 1
14 8
1 12
0 1
5 9
17 3
14 2
3 12
13 13
5 16
12 18
2 7
10 3
8 17
11 1
6 7
9 9
3 17
7 0
10 18
11 14
0 16
11 10
17 19
11 13
9 12
3 19
0 15
8 18
2 17
9 14
17 14
12 4
18 6
19 7
0 14
3 18
10 4
0 5
16 7
7 17
4 2
7 3
1 2
2 13
16 5
9 15
0 7
1 18
7 10
7 16
6 18
5 13
2 9
13 6
18 16
4 13
18 9
3 5
6 2
18 8
5 7
1 5
16 18
6 19
7 6
14 17
8 6
14 11
16 16
5 3
8 1
13 3
15 12
9 8
0 11
16 13
2 15
7 11
0 3
0 4
8 2
8 4
13 19
3 13
19 2
4 12
2 6
0 9
2 16
11 4
1 10
4 17
19 6
9 18
17 10
17 12
15 7
17 16
3 14
18 11
14 13
16 19
7 15
17 0
14 10
11 2
3 6
6 4
16 10
6 16
1 15
4 6
12 7
14 0
12 2
1 16
18 1
7 1
10 13
10 15
6 5
2 5
13 16
19 14
18 18
0 12
2 2
17 6
8 15
13 5
17 2
11 5
18 13
13 10
9 16
7 8
8 11
13 14
15 14
5 6
4 16
14 18
4 9
12 6
1 0
19 1
2 4
9 17
6 10
6 17
16 12
4 7
5 4
19 13
5 17
12 19
3 0
12 17
19 12
4 8
16 4
7 14
10 11
6 6
6 11
14 6
4 5
13 12
11 6
19 11
16 6
10 16
5 19
16 2
13 15
13 7
17 15
16 0
14 7
8 7
2 8
6 14
16 17
12 13
15 0
12 0
12 8
2 19
3 3
10 12
11 0
15 5
11 3
14 14
7 19
1 7
12 16
12 3
14 16
16 1
10 19
18 4
18 5
10 2
14 5
3 7
19 19
18 19
11 15
2 10
12 9
17 13
19 9
14 19
6 0
15 16
14 4
14 15
0 0
11 18
8 12
7 2
0 17
17 5
5 15
4 15
2 18
