15 218 5973
00001010000000
00001010000000
00001010000000
01001011000000
01001011000000
01001011000000
01001011010000
01001011000000
01001011000000
01001011000000
01000001000000
01000001000000
01000001000000
01000011000000
01000011000000
000000000000000
000000011111000
000000000000000
000000000000000
000000000000000
000000000011111
000000000000011
000000000000000
000000000000000
000000000000000
000000110000000
000000000001111
000011100000000
000000000000000
3 6
7 11
12 3
10 10
11 6
0 1
8 0
2 12
12 9
6 8
12 11
3 8
10 14
1 5
3 3
8 3
11 12
0 8
11 5
6 2
4 7
5 9
11 11
10 12
3 14
12 7
11 14
14 0
5 1
3 10
0 11
0 2
14 5
9 11
3 9
5 5
6 0
5 2
6 13
4 11
4 10
8 4
8 2
1 4
11 7
5 0
13 2
1 8
10 13
4 12
8 13
13 12
4 9
1 2
2 6
9 6
3 11
12 14
9 10
3 4
11 1
6 4
5 11
9 4
13 4
0 0
8 12
13 14
11 0
12 12
3 7
9 5
14 3
9 13
5 10
0 9
1 3
7 14
14 1
5 14
14 2
2 8
13 7
3 0
10 0
14 7
12 0
4 0
12 5
7 3
13 1
0 10
14 10
10 3
6 12
12 10
1 9
8 14
14 14
5 4
14 9
4 3
7 2
3 5
6 5
7 5
4 4
13 0
13 13
4 5
3 13
12 2
9 1
5 12
2 14
1 1
13 11
8 11
7 4
6 14
2 5
5 7
11 2
7 1
3 2
11 4
8 6
12 4
0 14
9 8
10 9
7 7
4 6
9 0
6 11
11 3
8 8
13 9
8 9
2 10
6 6
9 2
12 6
1 10
6 7
2 11
2 13
10 2
0 12
1 12
10 4
0 6
2 4
7 0
4 8
1 13
5 3
2 7
1 7
12 13
9 7
14 11
9 14
2 0
6 3
2 2
8 5
9 3
8 7
11 9
4 2
5 13
7 13
2 9
10 5
12 8
8 1
12 1
13 10
0 4
14 13
5 8
14 4
13 5
1 0
0 5
10 6
10 11
6 9
3 1
11 8
11 10
8 10
9 12
7 12
10 7
2 3
13 8
13 3
7 6
0 7
4 13
5 6
7 10
13 6
4 14
10 1
14 12
10 8
9 9
6 1
1 6
1 11
0 3
2 1
1 14
14 8
4 1
