11 76 1511
1000000000
0000000000
0010000000
0010000000
0010000000
0010010000
0010000000
0010000000
0010000000
0110000000
0110000000
00000000000
00000000000
00000000000
00000000000
00000000000
00011110000
00000000000
00000000000
00000000011
00000000000
3 10
7 0
4 1
1 5
5 4
1 1
10 10
2 10
7 1
2 1
6 4
7 2
6 7
6 1
4 5
3 6
7 8
9 9
8 3
9 4
1 10
4 9
8 10
9 8
0 7
6 5
6 6
0 3
10 1
0 2
5 2
1 7
3 0
1 9
0 10
10 9
2 0
5 10
10 8
2 8
0 0
3 1
9 0
1 2
5 3
10 0
1 0
4 4
4 10
0 8
8 4
10 4
8 6
9 1
2 9
5 0
5 6
6 9
4 2
10 3
0 9
8 0
6 8
8 2
1 8
9 10
3 7
2 2
7 9
1 4
8 1
9 5
0 1
9 7
4 8
7 10
