12 62 831
00000000000
00000000000
00000000000
00000000000
00000000000
00000000000
00000000000
00000000000
00000000000
00000000000
00000000000
00000000000
000000000000
000000000000
000000000000
000000000000
000000000000
000000000000
000000000000
000000000000
000000000000
000000000011
000000000000
6 10
4 3
0 8
11 2
11 5
3 5
10 1
7 7
5 8
9 0
5 10
6 0
3 3
7 2
11 6
8 1
9 8
2 9
4 2
2 6
8 6
6 6
11 10
10 11
4 8
11 4
2 4
4 11
10 5
10 10
0 4
4 9
2 8
5 0
0 10
7 11
9 7
11 11
10 9
8 5
0 0
8 9
8 8
5 5
4 10
11 8
8 11
1 11
5 3
3 9
1 3
0 7
6 5
4 6
5 6
9 10
9 2
1 4
2 1
9 9
8 0
6 3
