16 74 1242
000000000000000
000000000000000
000000000000000
000000000000000
000000000000000
000000000000000
000000000000000
000000000000000
000000000000000
000000000000000
000000000000000
000000000000000
000000000000000
000000000000000
000000000000000
000000000000000
0000000000000000
1111111111111000
0000000000000000
0000000000000000
0000000000000000
0000000000000000
0000000000000000
0000000000000000
0000000000000000
0000000000000000
0000000000000000
0000000000000000
0000000000000000
0000000000000000
0000000000000000
4 1
10 2
15 5
5 6
7 14
1 5
12 8
6 2
13 0
2 11
5 5
6 1
15 14
7 7
1 6
3 0
15 1
5 4
6 0
14 5
8 3
0 12
15 6
15 7
9 14
6 15
1 10
0 14
12 0
0 11
10 7
11 3
11 15
15 2
12 4
6 10
1 2
2 2
13 9
11 13
12 14
7 5
13 3
0 5
10 4
2 14
0 9
10 0
0 2
1 8
3 12
8 8
3 3
5 10
7 10
4 0
9 6
2 0
9 15
5 13
13 10
12 13
6 13
5 2
5 14
4 13
12 1
2 1
12 6
12 9
15 15
10 9
9 4
10 8
