15 140 2726
00000000000000
00000000100000
00000000100000
00000000100000
00000000100000
10001010000000
10001010000100
10001010000100
10001010000100
00001010000100
00001010000100
00000010000100
00000010000100
00000000000100
00000000000100
000000000000000
000000000000000
000000000000000
000000000000000
111111111100000
000000000000000
000000000000000
000000000000000
000000000000000
000000000000000
000000000000000
000000000011000
000000000000000
000000000000000
6 13
7 12
3 5
3 1
11 2
0 4
10 10
7 6
1 6
2 5
10 2
13 9
8 3
4 5
11 5
2 6
4 10
14 14
7 3
2 13
7 14
11 8
9 8
11 12
4 2
14 10
9 6
12 8
9 4
2 2
3 0
1 14
4 11
9 14
0 2
8 11
5 14
10 7
11 6
0 6
14 1
10 14
5 5
12 4
3 11
5 10
8 2
4 4
3 13
2 14
12 10
9 10
4 9
11 0
0 13
1 11
0 11
14 8
5 8
6 3
11 14
6 0
13 7
7 11
9 9
3 4
12 12
3 12
3 7
0 12
10 3
7 9
14 7
8 13
8 0
13 10
7 13
7 0
0 0
8 6
10 1
3 8
4 13
2 0
9 3
5 2
5 6
13 5
9 1
2 1
14 4
3 14
0 3
6 14
5 1
6 4
7 7
3 2
3 3
8 4
8 12
9 2
13 14
6 1
14 6
5 0
2 10
5 13
2 3
11 9
5 9
11 11
8 7
0 10
6 12
13 2
0 9
12 9
12 7
14 9
10 4
6 5
9 5
8 14
4 1
4 8
14 5
0 1
8 1
11 13
10 9
0 8
7 10
11 1
1 4
8 5
2 12
4 12
1 2
10 8
