19 109 3817
000000000000000000
000000000000000000
000000000000000000
000000000000000100
000000000000000100
001000000000000100
001000000000000100
001000000000000000
001000000010000000
001000000010001000
001000001010001000
001000001000000000
001000001000000000
001000001000000000
001000001000000000
001000000000000000
001000000000000000
001000000000000000
001000000000000000
1111111111111111100
1111111111110000000
0001111111111111111
0000000000000000000
0000000000000000000
0000000000000000001
0000000000000000000
0000000000000000000
0000000000000000000
0001111111000000000
0000000000011111111
0000000000000000000
0000000000000000000
0000000000000000000
0000000000000000000
0000000000000000000
0001111111111111000
0000000000000000000
17 17
17 6
8 4
12 16
0 4
8 14
9 11
1 5
5 10
9 3
10 11
3 1
10 18
17 16
3 18
13 11
9 8
3 0
6 1
5 8
3 13
3 6
0 18
14 10
0 9
8 17
9 4
17 3
6 17
13 17
16 7
12 2
3 5
6 10
4 15
18 3
6 5
1 2
5 1
9 18
1 11
14 18
3 2
15 5
16 11
5 3
8 9
4 18
6 2
8 18
15 12
1 8
13 7
5 5
2 7
17 18
7 4
11 6
10 13
16 14
14 7
7 1
14 8
3 16
5 15
2 10
0 7
15 7
14 5
4 9
17 9
0 0
7 3
0 17
4 12
0 5
15 10
15 11
10 14
0 1
14 3
1 7
11 16
1 15
18 8
2 15
10 1
16 18
15 6
3 15
8 1
13 16
4 3
7 6
5 16
13 1
6 7
1 16
16 17
1 6
14 16
0 2
1 3
10 7
0 16
12 4
7 18
13 13
10 8
