15 39 794
00000000000000
00000000000000
00000000000000
00000000000000
00000000000000
00000000000000
00000000000000
00000000000000
00000000000000
00000000000000
00000000000000
00000000000000
00000000000000
00000000000000
00000000000000
000000000000000
000000000000000
000000000000000
000000000000000
000000000000000
000000000000000
000000000000000
000000000000000
000000000000000
000000000000000
000000000000000
000000000000000
000000000000000
000000000000000
6 2
8 5
14 10
13 3
11 6
8 9
4 7
10 0
14 7
4 11
2 6
1 8
13 2
13 0
3 14
13 5
11 9
8 2
7 10
5 6
9 0
13 7
5 7
6 6
13 13
2 14
14 3
2 8
9 3
10 14
1 11
10 7
0 3
2 2
14 2
13 14
6 3
4 5
2 11
