11 88 1512
0001100000
0001100000
0001100000
0001100000
0010100000
0010100000
0010100000
0010100000
0010100000
0010000000
0010000000
00000000000
00000000000
00000001111
00000000000
00000000000
00000000000
00000000000
00000000000
11000000000
00000000000
9 8
3 2
0 5
5 5
8 0
6 7
0 7
4 9
6 6
6 3
8 7
8 9
10 7
10 1
1 2
3 4
3 5
7 3
6 10
7 1
3 1
6 8
9 4
4 10
6 4
5 6
7 0
1 3
3 10
10 9
0 3
9 7
2 1
3 8
5 8
10 10
9 1
5 1
4 1
0 9
10 8
7 8
4 6
10 2
10 5
2 5
2 10
2 4
6 0
5 4
0 8
4 3
8 10
9 0
8 6
4 5
10 0
8 5
10 4
0 1
10 3
7 7
1 7
1 8
9 10
2 6
0 10
5 7
5 2
1 4
0 0
10 6
4 4
5 0
1 9
6 5
2 7
1 1
0 4
5 10
1 5
1 0
4 7
3 9
9 3
2 0
3 3
8 8
