13 56 961
000000010000
000000010000
000000000000
100000000000
100000000000
100000000000
010000000000
010000000000
010000000000
010000000010
011000000010
011000000010
001000000010
0000000000000
0000000000000
0000000000000
0000000000000
0000000000000
1100000000000
0000000000000
0010000000000
0000000000000
0000000000000
0000000000000
0000000000000
9 3
8 0
12 11
3 7
3 8
6 12
8 9
7 1
3 0
4 6
6 2
6 10
12 4
3 10
10 4
9 0
4 0
8 8
0 10
1 2
3 9
5 8
5 12
10 2
5 9
0 4
2 10
4 2
8 1
8 12
12 1
9 7
5 2
1 7
6 11
3 1
12 10
11 1
12 6
10 5
6 7
11 11
4 11
1 6
8 11
4 9
9 10
6 0
3 2
10 3
1 4
8 5
11 9
6 8
7 9
0 6
