18 107 2729
01001000001000000
01001000000000000
01001000000000000
01001000000000000
00001000000000000
00001100000000000
00000100100000000
00000100100000000
00000100100000000
00000100100000000
00000100100000000
00000100100000000
00000100100000000
00000100100000000
00000100100000000
00000100100000000
00000100100000000
00000100100000000
000000000000000000
000000000000000000
000000000000000000
000000000111111111
000000011111111111
000000000111111000
000000000000000000
000000000000000000
000000000000000000
000000000000000000
000000000000000000
000000000000000000
000000000000000000
000000000000000000
000000000000000000
000000000000000000
000000000000000001
4 3
14 5
10 9
15 7
3 14
2 3
0 13
7 17
7 10
8 17
3 12
4 0
10 16
16 4
11 3
17 15
2 13
5 14
1 17
10 10
9 7
17 5
6 6
11 14
1 2
14 9
17 16
15 8
12 10
3 4
2 9
12 1
0 9
11 13
13 2
1 0
10 3
4 2
13 8
5 2
0 5
8 13
3 3
12 5
15 0
2 7
9 1
16 8
11 15
1 8
14 14
16 2
10 12
15 4
13 14
3 15
2 10
16 0
14 11
3 17
9 0
2 1
7 11
14 10
8 5
7 13
3 0
12 9
1 4
15 1
14 6
0 4
1 1
5 4
6 9
10 1
8 1
8 2
5 3
5 15
11 9
0 3
0 0
16 10
12 11
9 16
17 12
2 5
4 5
9 15
17 14
1 11
4 1
0 2
13 0
12 0
9 4
3 8
13 15
4 9
7 7
7 5
8 3
11 6
11 10
6 13
4 17
