17 121 2388
0000000000010000
0000000000010000
0000000000010000
0000000000010000
0000000000010000
0000000000010000
0000000000010000
0000000000010000
0000000000010000
0000000000010000
0000000000010000
0000000000010000
0000000000000000
0000000001000000
0000001001010000
0000000001010000
0000000001010000
00000000000000000
00000000000000000
11111111100000000
00000000000000000
00000000000000000
00000000001100000
00000000000000000
00000000000001111
00000000000000000
00000000000000000
00000000000000000
00000000000000000
00000000000000000
00000000000000000
11111111000000000
00000000000000000
11 13
16 16
6 4
13 2
10 2
7 12
1 7
7 15
1 4
9 3
1 5
12 8
2 15
10 16
2 14
4 16
0 3
15 7
4 5
15 12
5 16
7 2
10 7
0 10
12 2
16 7
5 11
4 13
13 7
5 8
13 3
12 13
3 11
6 16
11 12
2 1
15 9
3 1
3 14
12 6
14 8
7 0
14 2
0 11
16 4
11 1
14 6
6 2
9 11
11 10
0 13
0 5
0 16
15 4
4 11
2 0
8 4
6 14
2 11
8 3
2 3
6 1
5 6
3 9
7 7
7 9
15 11
1 0
3 16
4 3
3 12
16 9
8 14
3 4
1 8
3 2
2 6
5 10
6 3
12 11
2 13
12 14
4 9
12 12
12 1
14 5
0 2
16 6
0 6
10 5
12 0
1 10
15 1
12 7
5 7
2 8
9 12
1 11
1 6
2 2
7 6
6 7
8 16
3 10
12 3
16 8
12 9
6 13
11 11
1 16
15 8
16 10
3 15
10 4
15 2
8 6
15 14
14 1
8 1
10 14
0 8
