19 332 6677
010001000000000000
010001000000000100
010001100000000100
010000000000000000
010000000000000000
010000000000000000
010000000000000010
010000000100000000
010000000100000000
010000000100000000
010000000100000000
010100000100000000
000100000100000000
000100000100000000
101100000100000000
101100000100000000
101100000100000000
101000000000000000
101000000000000000
0000000000000000000
0000000000001111000
0000001111000000111
0000000000000000000
0000000000000000000
0000000000001111111
0000000000000000000
0000000001111111000
0000000000000000000
0000000000000000000
0100000000000000000
0000000000000000000
0000000000000000000
0000111110000000000
0000000000000000000
0000000000000000000
0001111111111111100
0000000000000000000
0 8
11 16
2 12
18 5
8 8
8 10
7 18
0 9
5 11
3 13
13 16
11 13
17 11
9 4
6 18
6 11
4 15
17 10
7 13
1 13
11 11
13 5
4 12
14 2
17 3
15 11
16 7
1 14
3 0
16 8
8 9
4 3
17 14
18 8
2 1
4 7
0 17
2 10
14 11
15 12
18 12
17 15
9 8
2 15
17 1
4 18
13 13
7 11
7 5
15 4
3 10
11 15
1 6
4 1
11 14
2 17
16 0
8 17
0 2
12 1
10 16
14 1
10 11
18 4
6 14
1 15
10 17
5 10
4 17
16 3
5 17
12 5
10 6
8 11
17 13
16 16
4 4
1 10
5 7
8 7
17 9
12 9
6 2
14 12
12 6
15 8
14 7
0 6
2 8
1 3
3 8
5 3
9 18
12 14
13 14
7 10
16 17
7 1
2 6
0 10
18 7
17 5
12 4
3 7
12 3
0 18
0 14
8 14
6 3
2 13
9 12
8 18
15 2
7 17
10 3
14 9
13 15
8 12
10 2
16 5
17 8
10 4
3 14
2 16
3 6
15 3
2 3
6 6
12 18
4 10
0 0
10 10
5 14
18 13
4 16
0 15
5 15
13 10
10 0
16 11
2 11
9 11
12 15
15 15
0 3
9 5
9 17
8 0
11 3
1 5
15 9
3 1
8 6
9 10
15 0
13 1
16 13
7 7
14 6
8 1
18 2
15 17
10 8
11 6
2 7
0 12
3 9
18 6
9 13
17 12
12 0
4 2
14 16
7 6
17 7
4 0
18 18
0 13
11 18
10 18
7 0
16 10
13 17
14 0
18 1
0 1
1 4
13 7
6 4
8 4
9 6
5 4
10 14
9 2
5 5
16 1
13 8
18 16
18 10
12 2
16 9
14 13
13 4
14 4
8 3
4 8
1 9
9 1
6 16
5 18
14 8
4 6
0 4
2 14
5 16
11 2
13 6
13 12
17 2
9 3
13 3
11 17
7 3
8 15
15 6
4 14
18 3
1 18
11 1
8 13
14 15
1 0
14 17
16 15
12 7
6 17
10 13
9 16
12 17
7 15
3 18
3 17
5 8
5 9
1 2
6 10
11 4
11 0
5 6
15 13
1 12
14 18
2 4
15 16
13 9
18 11
11 7
6 7
17 16
0 5
16 18
3 15
7 4
16 12
3 11
4 5
9 15
17 18
1 17
1 8
17 17
17 6
13 0
5 0
1 16
12 12
3 3
2 9
14 5
16 6
17 0
3 5
13 11
15 18
2 2
1 7
9 7
2 0
12 10
18 17
13 18
6 13
11 8
6 1
11 12
11 9
18 15
12 16
9 14
18 14
2 18
1 1
5 1
18 0
17 4
5 12
5 2
9 0
7 9
0 16
18 9
4 11
6 5
7 16
4 9
9 9
14 10
10 12
10 15
15 14
6 8
3 16
10 7
7 14
12 8
12 11
16 14
4 13
15 10
11 5
6 0
15 5
