12 116 1693
01010100000
01010100000
00010100000
00010100000
00000000000
00000000000
00000000000
00000000000
10000000000
10000000000
00000000000
00000000000
000010000011
000000000000
000000000000
000000000000
000000000000
000001111111
001111111111
000000011111
000000000000
111111110000
000000000011
9 10
1 6
8 1
0 8
1 5
4 1
1 10
3 6
0 3
2 10
11 9
3 9
9 3
5 2
4 7
7 6
11 4
2 5
0 6
3 3
2 3
2 4
5 5
10 7
1 1
3 0
11 3
5 6
10 9
10 3
11 10
3 4
10 4
7 2
4 2
0 11
4 10
8 2
7 3
0 10
11 7
1 11
10 10
0 0
2 2
1 2
7 0
9 2
5 7
11 6
6 2
3 2
9 0
8 6
4 3
2 1
8 9
7 9
8 3
11 5
2 0
5 1
4 6
10 6
9 8
8 5
6 1
11 11
9 6
7 4
5 4
1 0
3 10
1 9
8 0
10 5
4 8
3 1
10 0
2 6
5 10
6 6
0 9
6 5
8 11
0 1
1 7
5 9
6 4
10 8
0 5
9 1
5 3
7 5
8 8
0 4
3 8
5 11
3 11
1 4
10 11
6 9
9 11
2 9
11 1
6 8
8 10
7 7
10 2
4 0
5 0
9 5
2 8
3 5
7 8
7 10
