16 225 5062
100000000000000
100000000000000
100000000000100
100000000000100
100000000000100
100010000000100
100010000000100
100010000100100
100010000100100
000010000100100
001010000100100
001000000100100
001000000100100
000000000100100
000000000100100
000000000100000
0111111111111110
0011111111111111
0000000000000000
0000000000000000
0000000000000000
0000000000000000
0000000000000000
0000000000000000
0000000000000000
0000000000000000
1111100000000000
0000000000000000
0000000000000000
0000000000011000
0000000000000000
12 11
8 1
10 13
15 14
13 9
1 5
12 15
10 2
1 7
1 11
1 12
5 15
7 12
12 13
3 10
7 10
15 2
5 4
13 8
4 4
10 6
9 0
4 10
0 9
0 11
2 5
8 4
4 15
11 2
8 11
0 5
12 7
9 9
10 15
0 10
0 15
2 7
14 15
14 3
4 9
3 7
15 4
9 15
2 9
10 3
3 14
14 13
9 4
0 7
0 2
13 2
7 14
6 0
4 3
13 12
14 9
10 11
10 5
2 0
6 14
11 8
10 10
10 12
14 6
13 13
15 1
3 1
15 0
10 8
8 14
7 5
14 12
12 5
13 15
8 5
7 13
11 14
2 3
1 6
13 5
11 9
9 10
9 2
6 2
8 15
8 8
14 4
15 13
9 11
9 13
5 9
0 4
6 6
9 8
5 2
2 11
11 6
8 9
7 7
8 12
4 8
10 0
2 2
1 0
12 9
0 6
1 3
8 6
14 10
12 10
1 13
12 4
14 5
13 10
1 4
3 6
4 2
8 0
6 15
5 12
4 1
1 9
14 8
2 1
15 6
12 12
2 13
7 0
7 9
12 6
6 3
9 6
6 7
15 12
6 5
5 5
2 12
7 11
14 0
13 1
5 7
0 1
7 3
11 13
13 7
10 1
5 3
0 3
1 14
2 15
12 8
14 7
5 10
10 4
12 0
7 6
7 4
11 0
11 15
15 9
3 8
3 0
1 8
7 15
2 14
6 11
13 6
14 1
6 9
8 2
8 13
12 14
12 2
15 8
12 3
4 12
6 8
5 13
13 0
11 1
11 10
3 5
2 6
4 6
5 6
10 14
13 3
7 1
11 5
6 4
9 1
3 9
3 15
4 14
9 3
11 7
6 1
3 2
5 8
0 13
13 4
13 11
2 8
1 10
8 7
5 11
5 1
6 13
11 3
4 11
13 14
14 2
3 12
3 11
14 11
7 8
15 10
10 7
9 14
1 15
4 5
5 14
15 3
12 1
15 15
