15 82 2523
00100000000000
00000000000000
00000000000000
00100000000000
00100000000000
00100000000000
00000000000010
00000000000010
00000000000110
00000000000110
00000000000110
00000000000110
00000000000110
00000000000100
00000000000100
000011111111111
000111111111111
000000111111111
000000000000000
000000011111111
011111111111111
000000000000000
000000000000000
000111111111000
000000000000000
000000000000000
000000000000000
000000000000000
000000000000110
3 10
8 14
8 6
3 3
2 4
10 1
0 13
8 7
13 5
14 10
0 2
4 12
12 14
13 9
11 14
4 0
14 14
8 1
2 14
12 0
0 14
3 13
8 0
14 3
4 4
5 1
11 11
0 12
5 4
9 4
5 14
14 6
11 7
12 8
12 3
12 11
10 14
14 0
7 7
5 9
13 12
4 8
8 10
0 9
7 8
8 3
13 2
3 7
11 4
13 4
11 12
13 7
7 10
13 13
12 5
3 4
9 2
8 12
7 2
11 10
11 6
2 7
2 1
2 6
10 10
5 11
1 0
0 0
14 12
1 1
13 10
10 2
3 11
0 8
4 10
10 4
9 13
5 6
10 11
10 9
14 1
2 13
