20 71 2306
0000000000000000000
0000000000000000000
0000000000000000000
0000000000000000000
0000000000000000000
0000000000010000000
0000000000010000000
0000000000010000000
0000000000010000000
0000000000010000000
0000000000010000000
0000000000010000000
0000000000010000000
0000000000010000000
0000000000010000000
0000000000010000000
0000000000010000000
0000000000010000000
0000000000010000000
0000000000010000000
11111111111100000000
00000000000000000000
00000000000000000000
00000000000000000000
00000000000000000000
00000000000000000000
00000000000000000000
00000000000000000000
00000000000000000000
00000000000000000000
00000000000000000000
00000000000000000000
00000000000000000000
00000000000000000000
00000000000000000000
00000000000000000000
00000000000000000000
00000000000000000000
00000000000000000000
5 4
15 18
10 19
12 6
19 13
1 10
13 14
10 16
3 19
18 9
0 4
1 18
8 15
7 19
6 18
17 1
14 18
16 4
19 5
6 5
2 2
1 14
18 19
0 1
19 7
12 8
16 10
18 15
6 14
4 5
14 0
19 11
17 12
18 13
7 18
4 12
8 18
18 3
14 14
10 0
14 13
3 4
5 3
16 3
6 3
2 10
6 6
10 10
17 4
18 14
2 15
6 4
19 6
6 19
1 1
13 5
11 3
10 12
16 0
0 16
18 5
8 8
12 19
15 8
17 17
5 19
17 0
17 18
9 15
14 12
9 0
