16 119 3744
001000110000010
001001110000010
001001110000010
001001110000010
000001110000010
000001110000010
000001110000010
000001110000010
000001110000010
000001110010000
000101100010000
000101000110000
000101000110000
000101000110000
000101000110000
000101000110000
0000000000000000
1000000000000000
0000000000000000
0000000000000000
0000000000000000
0000000000000000
0000000000000000
1111000000000000
0000000000000000
0000000000000000
0000000000000000
0000000000000000
0000000000000000
0000000000000000
1110000000000000
11 10
11 14
7 15
12 12
10 4
6 4
15 8
1 5
4 15
14 13
8 11
9 0
4 11
14 14
7 11
5 15
0 5
15 7
13 10
0 7
1 13
0 0
15 6
13 3
3 1
2 12
4 14
3 11
9 1
9 6
4 13
15 13
12 11
2 4
14 9
7 1
3 14
9 10
7 7
3 6
3 8
11 9
13 4
10 5
2 3
14 0
1 14
9 7
13 7
4 5
12 13
7 5
5 3
13 9
2 7
10 10
2 11
15 0
10 1
7 10
5 5
1 15
1 12
14 6
13 1
10 12
9 13
12 4
15 2
14 1
6 13
10 13
0 1
12 3
9 15
13 14
8 3
7 8
13 12
0 3
6 0
15 14
9 14
15 3
12 1
8 5
0 2
1 7
15 12
3 4
2 8
7 9
0 15
4 9
5 7
5 0
8 6
12 14
2 15
10 11
8 7
6 7
5 10
10 7
10 3
0 9
5 6
8 9
11 4
11 8
9 5
12 7
6 3
12 9
6 6
14 5
8 10
1 6
8 14
