15 139 2537
00001000000000
00001000000000
00001000000000
00001010000000
00001010000000
00000010000000
00000010000000
00000010000000
00000010000000
00000010000000
10000010000000
10000010000000
10000010000000
10000000000000
10000000000000
000000000000000
000000000000000
000000000000000
000000000000000
000000000000000
000000000000000
000000000001111
000000000000000
000000000000000
000000000000000
000000000000000
000000000000000
001111111111111
000000000000000
5 6
9 2
4 1
6 6
9 0
0 14
3 9
12 14
1 4
0 5
1 2
5 3
6 0
10 8
3 2
4 6
5 12
7 13
9 14
8 1
8 6
10 1
0 3
3 3
1 9
1 14
12 7
0 1
9 12
1 5
8 5
6 9
9 10
11 14
12 11
13 0
7 12
14 2
10 5
6 7
11 12
4 2
4 8
5 13
14 5
4 11
0 10
8 8
14 9
5 8
5 10
2 5
13 6
5 0
14 7
11 4
8 10
5 2
9 3
9 9
11 10
1 13
7 10
11 9
3 10
10 11
14 1
7 14
7 3
6 3
11 7
5 14
4 13
14 4
3 13
12 0
2 12
6 4
3 8
6 1
5 5
6 12
14 8
11 8
12 3
3 4
6 5
6 11
4 5
7 8
2 13
8 9
7 4
3 5
12 6
9 5
2 14
10 14
2 8
6 10
13 1
4 10
7 0
9 1
8 4
14 3
9 6
2 11
8 13
10 13
13 5
4 9
1 1
14 11
13 9
12 1
1 12
10 4
2 9
0 12
11 3
2 6
9 13
12 5
0 9
12 2
14 14
14 0
12 4
10 12
3 12
13 14
10 2
7 9
3 0
13 12
9 8
11 0
7 5
