12 73 1700
00000000001
00000000001
00000000101
00000010101
00000010101
00000010101
00000010101
00000010101
00000010101
00000010100
00000010100
00000010100
000000000000
000000000000
111000000000
000000000000
000000000000
000011100000
110000000000
000000000000
000000000000
000000000000
000000000000
4 4
11 10
11 8
7 6
9 6
6 5
8 1
5 11
10 8
1 10
6 3
0 10
0 11
2 4
4 11
2 7
8 6
5 4
8 4
0 8
7 8
10 7
8 5
0 4
7 5
11 9
9 7
1 6
7 3
4 8
4 2
2 11
1 0
3 10
11 4
10 6
6 9
0 2
11 1
7 7
10 1
3 6
7 2
0 6
3 3
10 3
11 7
2 5
4 1
4 0
9 3
10 5
3 9
6 0
1 8
0 7
1 1
0 5
3 0
11 3
2 6
3 4
7 10
1 5
7 9
10 2
4 6
7 4
10 0
8 7
3 5
5 10
10 10
