19 207 8870
000010000101000000
000010000101000000
000000000101000000
000000000101000000
000000000101010000
000100010101010000
000100010101010000
000100010101010000
000100010001010000
000100010001010000
000100010101010000
000100010101010010
000100010100010010
000100010100010010
000100010100010010
000100010100010010
000100010100010010
000100010100010010
000000000000000010
0000000000000000000
0000000000000000000
0000000000000000000
0000000000000011110
0000000000000000111
0000000000000000000
0000000000000000000
0000100000000000000
0000000000000000000
0000000000010000000
0000000000000000000
0000000000000000000
0000000000000000000
1000000000000000000
0000000000000000000
0000000000000000000
0000000000000000000
1111111111111100000
10 3
1 14
1 2
4 8
3 3
11 11
8 6
10 5
11 5
2 17
10 9
18 7
9 11
18 12
1 9
15 6
13 10
3 4
2 13
9 2
14 6
9 13
9 1
10 14
17 8
11 17
17 14
4 7
0 12
11 12
0 3
1 18
18 0
15 12
11 2
12 5
10 16
13 7
0 11
13 3
5 16
15 1
0 2
4 6
17 18
12 9
17 3
4 15
7 5
16 16
18 10
6 0
13 12
9 3
15 10
10 13
17 6
0 5
17 9
16 3
18 8
1 16
14 1
8 16
10 10
7 3
6 3
5 5
6 11
16 8
7 16
13 11
8 4
9 18
8 17
6 14
16 9
13 14
13 18
16 11
0 18
4 14
12 15
8 11
12 3
6 5
7 0
17 11
18 11
3 12
6 10
18 18
12 18
12 4
6 2
1 15
12 2
3 6
10 8
2 1
8 1
8 5
6 1
13 0
16 7
1 0
5 3
1 17
5 0
2 14
8 10
2 8
9 17
2 4
9 12
6 6
11 6
8 2
18 6
14 11
2 5
15 16
11 15
15 8
8 9
13 2
11 4
13 4
13 16
7 12
5 9
7 4
1 7
4 5
5 6
14 7
11 18
16 18
5 8
9 15
4 11
7 2
3 16
9 16
3 10
5 18
1 1
5 13
15 14
10 6
18 1
10 4
10 7
2 9
0 17
16 6
6 17
6 12
2 10
18 5
15 3
5 1
14 3
12 17
13 8
15 7
7 6
3 14
10 2
3 15
2 11
6 8
3 5
5 14
14 15
3 11
10 17
10 15
16 12
12 12
9 4
16 14
4 4
7 10
2 3
3 17
0 14
14 10
16 0
18 15
8 8
10 12
4 0
7 18
0 10
8 7
14 0
7 11
6 16
17 1
3 0
6 9
18 3
17 7
12 0
11 1
17 10
