18 243 5133
00000001001100000
00000001001100000
00000001001100000
00000000001100000
00000000001000000
00000000000000000
00000000000000000
00000000000000000
01011000000000000
01011000000000000
01011000000000000
00010000000000000
00010000000000000
00000000000000000
00000000000010000
00000000000010000
00000000100010000
00000000100000000
000000000000000000
000000000000000000
000000000000000000
111111100000000000
000000000000000000
000000000000000000
000000000000000000
111111111110000000
000000000000000000
000000000000000000
000001110011111111
000000000000000000
000000000000000000
000000000000000000
011111111111111111
000000000000000001
000000000000000000
7 5
8 12
17 2
3 8
8 17
8 2
13 4
11 2
4 17
12 7
0 1
13 9
6 14
2 10
15 13
6 16
9 16
10 15
9 7
6 2
11 0
10 9
9 12
12 11
14 3
1 10
14 13
12 8
14 15
9 1
4 14
4 13
5 7
14 14
3 0
13 3
1 4
12 3
14 5
12 2
1 2
4 7
14 2
6 7
5 13
8 10
15 17
4 15
3 10
1 16
14 16
16 2
3 17
7 17
17 11
15 7
16 13
13 11
7 9
17 5
14 4
17 15
16 15
10 0
14 8
15 12
14 6
6 11
15 3
15 10
10 4
1 9
11 15
9 4
12 5
6 15
4 10
11 11
7 7
4 3
9 2
11 9
8 4
3 9
16 7
6 9
4 12
2 1
0 14
5 4
8 16
1 7
1 0
15 6
14 1
3 13
17 10
3 5
2 3
9 10
11 1
10 16
12 0
7 14
12 15
2 4
4 8
11 4
0 11
3 4
6 0
10 2
16 5
9 3
2 17
10 8
10 6
5 6
12 16
16 14
9 5
12 9
17 3
3 16
8 6
10 3
7 0
17 16
2 15
15 16
3 12
10 11
12 4
0 0
11 10
4 2
15 0
8 15
4 4
5 15
17 9
3 6
7 3
13 17
1 8
0 5
1 12
14 11
7 10
12 10
5 1
17 0
2 2
9 8
15 8
16 17
13 10
5 3
13 6
5 0
1 15
10 12
12 6
6 3
17 14
16 8
8 8
2 6
11 3
2 12
7 4
9 0
11 13
2 9
16 1
4 9
12 1
7 13
13 5
1 11
16 10
8 5
16 12
7 1
16 9
6 4
10 1
7 11
15 11
11 8
11 7
15 2
1 17
0 3
11 12
10 13
16 4
8 3
0 10
12 13
15 4
1 1
3 11
13 2
1 13
16 16
8 13
8 14
13 15
0 13
9 13
0 9
0 7
0 17
6 12
3 3
4 6
11 5
6 1
0 4
16 11
12 12
4 16
5 16
2 16
13 12
5 5
9 14
13 13
6 13
10 10
0 16
13 0
14 17
9 11
13 16
16 0
1 5
7 8
0 6
9 15
6 6
0 12
