18 126 2325
00000000000000000
00000000000000000
00000000000000000
00000000000000000
00000000000000000
00000000000000001
00000000000000001
00000000000000001
00000000000000001
00000000000000001
00000000000000001
00000000000000001
00000000000000001
00000000000000001
00000000000000001
00000000000000001
00000000000000001
00000000000000001
000000000000000000
000000000000000000
000000000000000000
000111111111111111
000000000000000000
000000000000000000
000000000000000000
000000000000000000
000000000000000000
000000000000000000
000000000000000000
000000000000000000
000000000000000000
000000000000000000
000000000000000000
000000000000000000
000000000000000000
9 9
17 5
1 14
13 7
3 6
14 15
10 8
16 5
11 9
0 12
0 6
1 0
6 8
11 1
5 12
1 16
2 8
0 2
11 3
2 2
8 3
3 2
10 1
6 7
11 0
5 15
5 1
7 0
17 1
12 15
15 7
9 7
14 0
7 5
6 5
4 13
10 11
10 14
9 5
16 0
7 9
11 2
3 1
10 2
12 17
2 9
1 5
0 10
17 10
16 10
3 8
2 15
7 15
11 7
8 7
3 3
6 12
17 17
10 10
13 13
12 4
2 0
6 15
7 11
12 3
10 12
11 10
8 13
0 13
16 11
4 7
17 4
2 13
7 3
17 11
14 13
17 9
17 15
9 11
15 14
0 1
14 7
14 4
11 16
10 0
6 13
8 4
12 9
9 14
12 7
5 8
9 12
15 0
5 6
6 14
13 8
4 16
4 6
6 1
0 17
4 2
13 0
3 17
14 11
2 17
13 11
11 12
10 16
7 1
5 11
16 8
5 10
16 12
1 15
0 11
4 1
10 5
1 7
2 7
7 7
10 9
10 7
1 12
6 17
7 8
9 17
