13 60 887
001001000000
001001000000
001001000000
001001000000
001111000000
001111000000
000111000000
000111001010
000111001010
000111001000
000011001000
000010001000
000000000000
0000000000000
0000000000000
0000001111110
0001010000000
0000000000000
0000000000000
0000000001111
0000000000000
0000000000000
0000000000000
0000000000000
0000000000000
6 4
4 3
5 12
12 4
5 6
7 11
2 2
1 10
12 9
12 3
4 1
5 7
11 5
0 12
10 6
10 10
11 7
2 12
8 4
6 9
1 3
9 4
0 6
6 11
0 9
7 6
7 12
5 5
2 6
9 1
9 11
1 0
7 8
1 12
4 9
12 5
6 3
9 6
3 9
9 7
4 10
10 8
8 12
11 11
12 6
3 6
4 5
9 8
10 1
11 9
5 3
10 5
3 7
3 12
12 0
0 8
11 10
9 3
9 9
2 1
