13 108 1688
000000000000
000000000000
000000000000
000000000000
010000000000
010000000000
010000000000
010000000000
010000000000
010000000000
010000000000
010000000000
010000000000
0111111111111
0000000000000
0000000000000
0000000000000
0000000000000
0000000000000
0000000000000
0000000000000
0000000000000
0000000000000
0000000000000
0000000000000
2 1
2 0
1 11
11 4
3 12
8 11
0 8
9 9
4 2
7 1
3 8
9 11
6 4
12 0
9 2
10 2
0 5
10 12
6 12
1 2
5 7
2 6
5 5
3 5
5 10
10 0
8 1
10 3
2 10
2 9
11 1
2 3
4 8
6 1
3 1
10 9
7 4
9 4
0 11
11 2
3 3
5 0
6 11
4 0
2 5
8 2
0 10
0 9
8 4
12 4
3 9
4 4
4 12
0 12
3 2
3 7
5 3
10 8
10 11
5 2
3 4
9 6
6 2
7 12
2 4
8 12
11 6
1 7
11 0
9 1
1 8
0 6
6 10
9 8
12 8
2 11
9 0
1 5
4 9
7 0
2 2
3 11
1 1
7 8
12 9
6 9
5 12
12 10
9 12
9 5
6 6
0 7
8 3
3 0
5 9
11 11
4 3
12 5
4 7
12 6
6 3
7 10
4 1
0 0
6 0
1 12
9 10
3 6
