12 119 2257
00100000000
00001000000
00001000000
00001000000
00001000000
00001000001
00001000001
00001000001
00001100001
00001100001
00001100001
00001100001
011001000000
000000000000
000000000000
000000000000
000000000000
001110000000
100000000000
000000000000
000000000000
111000000000
111000000000
4 2
7 0
0 0
4 6
0 2
3 9
8 10
5 1
4 1
6 4
10 7
5 9
1 10
7 6
8 8
9 10
1 8
1 5
0 8
11 8
1 4
6 0
3 2
10 3
2 3
10 1
5 2
2 8
3 10
5 3
10 10
1 6
5 5
4 3
3 4
4 0
7 7
8 7
11 4
2 6
2 2
6 6
8 2
8 5
5 11
2 4
1 11
3 5
2 11
9 1
4 10
0 1
7 9
4 8
11 3
4 7
8 9
11 1
5 0
6 8
10 9
6 9
9 8
9 11
3 0
10 4
4 4
7 2
2 10
11 7
5 4
0 10
10 11
6 5
9 4
2 0
5 8
3 1
7 1
3 7
8 1
5 7
9 5
9 3
3 11
7 5
4 9
0 9
6 10
10 0
1 0
0 6
6 11
4 5
3 3
7 10
1 7
2 1
11 2
1 2
8 3
9 6
5 6
8 6
11 9
11 6
1 3
7 3
7 11
6 1
3 8
0 5
9 2
4 11
2 5
2 7
8 11
6 3
1 9
