20 309 11103
0010000000000000000
0010000000000000000
0110000000000000000
0100000000001000000
0000000000000000000
0000100000000000000
0000100000000000000
0000000000000000000
0000000000000000000
0000000000000000001
0000000000000000001
0000010000000000001
0000010000000000001
0000010000000000001
0000000000000000001
0000000000000000001
0000000000000000000
0000000000000000000
0000010000000000000
0000000000000000000
00000000000000000000
00000000000111111111
00011111111100000001
11111111111111111100
00000000000000000000
00000000000000000000
11111111111111110000
00111111111111111111
00011111111111111111
00000000000000000000
11111000000000000000
00000000000000000000
00000000000000000000
11111111111100000000
00000000000000000000
11100000000000000000
00000000000000000000
00000000000000000000
11111110000000000000
12 8
0 8
19 16
9 10
10 7
17 19
8 17
14 13
10 14
19 4
12 3
18 18
14 11
6 15
1 6
18 0
6 2
14 14
18 1
12 16
6 9
19 6
5 11
3 1
16 19
16 3
4 3
12 15
18 5
5 17
10 12
19 0
3 10
11 13
14 6
10 10
17 17
5 18
8 3
2 11
2 14
3 2
7 9
11 18
16 5
17 12
7 1
18 6
7 3
0 11
5 13
16 16
8 13
3 14
17 18
8 1
13 8
6 4
8 2
5 19
17 16
13 3
17 9
9 0
19 8
3 17
5 16
19 15
4 2
14 17
13 15
4 17
1 16
14 5
2 7
13 5
4 19
7 0
8 11
4 10
14 19
7 7
3 16
12 10
12 13
7 2
18 9
7 6
5 7
17 2
18 17
8 16
9 12
17 0
7 5
8 8
14 10
1 9
6 12
11 7
10 17
16 6
16 4
6 1
5 3
3 4
14 15
3 9
0 13
5 4
15 3
18 16
15 13
0 17
7 4
17 4
15 12
17 3
13 11
6 8
18 2
16 0
16 12
17 5
10 13
12 7
4 14
15 14
2 16
6 0
9 7
1 13
7 16
3 18
11 11
18 8
3 13
1 1
13 13
8 6
1 18
1 7
14 12
0 9
17 1
13 18
4 5
16 15
18 13
13 7
14 2
15 4
5 1
6 14
1 14
15 17
0 5
0 6
11 14
12 14
11 2
13 10
5 0
8 12
10 16
9 14
5 8
15 11
1 3
17 7
15 7
15 9
6 19
19 3
4 1
11 6
3 8
10 11
17 15
8 14
2 4
0 18
8 0
5 2
13 17
19 13
18 7
18 19
3 3
9 8
19 7
4 15
14 9
10 4
12 1
7 18
3 5
7 10
18 10
18 11
1 5
7 17
11 4
2 19
10 1
13 14
15 16
13 16
15 6
7 13
12 9
19 5
2 8
12 19
12 5
5 10
4 6
15 0
9 9
9 3
0 10
2 6
5 14
9 4
14 1
10 5
12 2
9 2
18 3
12 17
17 14
0 16
2 17
16 14
1 10
9 6
6 18
11 19
1 12
9 18
1 2
13 9
1 8
9 16
12 12
14 8
9 19
8 7
8 18
11 12
13 0
16 1
9 1
6 17
4 9
2 15
10 9
18 12
0 4
15 5
14 18
3 6
10 15
13 4
4 18
4 8
6 10
12 0
2 0
2 9
8 4
11 5
0 14
10 19
4 16
8 19
16 10
3 12
15 15
16 17
11 16
19 1
7 19
9 11
6 13
19 10
0 7
18 15
8 9
19 2
0 12
13 12
9 5
10 3
6 5
16 2
7 11
4 7
19 14
14 4
6 11
14 7
6 3
16 18
8 10
3 19
7 14
5 5
19 9
