17 135 2838
0000010000000000
0000010000000000
0000010000000000
0000010000000000
0000010000000000
0000010000000000
0001010000000000
0001010000000000
0001000000000000
0001000000000000
0000000000000000
0000000000000000
0000000000000000
0000000000000000
0000000000000010
0000000000000010
0000000000000010
00000000000000000
00000000000000000
11110000000000000
00000000000000000
00000000000000000
00000000000000000
00000000000000000
00000000000000000
00000000000000000
11111111000000000
00000000000000000
00000000000000000
00000000000000000
00000000000000000
00000000000000000
00000000000000000
5 13
15 10
2 12
6 4
7 10
1 15
2 13
0 13
0 15
1 10
5 3
3 13
12 11
10 11
6 13
12 1
9 14
6 9
11 8
7 16
12 13
5 12
3 6
1 4
13 6
16 0
1 12
2 1
9 8
4 4
4 13
12 3
6 12
13 13
0 6
3 16
5 2
11 2
2 5
15 3
15 2
10 5
14 7
7 11
3 14
2 11
5 7
1 11
12 8
9 12
16 10
13 11
14 16
12 2
15 16
0 5
3 4
7 13
16 3
8 8
2 16
15 7
6 16
5 8
14 12
16 6
9 11
10 10
15 12
3 1
11 15
13 9
11 9
15 15
8 2
12 4
16 14
8 15
2 7
9 2
8 0
6 11
13 0
12 0
1 13
14 11
11 14
0 16
13 3
2 10
5 9
7 8
7 9
0 11
12 6
13 4
14 9
10 16
9 6
5 10
4 7
14 5
16 9
9 7
6 14
15 11
10 13
8 14
12 7
7 3
8 3
13 1
0 14
16 13
4 2
14 3
4 14
11 5
1 2
2 9
11 7
13 5
0 10
14 8
4 12
15 8
9 1
1 7
10 2
10 4
11 13
14 10
8 6
5 6
13 2
