15 216 3464
00001000000000
00000000000100
00000000000100
00000000000101
00000000000001
00000000000001
00000000000001
00000000000001
00000000000001
00000000000001
00000000000001
00000000000001
00000000000001
00000100000001
00000100000001
000000000000000
000000000000000
000000000000000
000000001111110
000000000000000
000000000000000
000000000000000
111111100000000
000000000000000
000000000000000
000000000000000
000000000000000
000000000000010
000000000000000
0 0
2 12
0 6
10 10
5 2
7 8
6 12
3 11
0 13
5 4
8 9
5 9
0 4
8 6
2 6
7 0
10 2
10 12
3 4
12 11
10 7
9 12
13 8
3 9
8 5
12 5
9 5
7 9
10 8
13 12
9 13
4 2
7 14
4 6
5 10
7 4
8 12
7 7
9 10
2 5
1 12
11 4
1 1
9 9
13 13
4 10
13 7
3 7
9 4
13 9
4 9
12 14
13 2
9 2
3 14
0 3
8 7
7 6
14 2
11 5
0 12
13 11
14 1
9 3
12 6
6 5
1 2
1 9
13 3
3 0
0 5
12 9
5 0
14 3
0 10
6 0
3 2
9 1
6 8
12 13
13 14
11 14
5 12
13 0
14 5
12 4
5 13
12 1
4 4
10 6
2 2
4 14
10 4
11 12
4 0
1 13
2 13
13 5
7 1
8 2
14 12
2 10
1 11
5 14
1 7
1 4
4 5
2 4
11 10
3 1
13 4
8 11
11 13
3 8
7 11
8 10
8 3
0 14
8 4
5 3
3 13
0 11
10 11
4 1
14 4
2 9
7 12
4 8
7 3
2 1
14 10
14 0
6 10
12 8
13 1
4 7
11 2
0 2
2 0
6 14
9 0
11 7
4 12
0 8
8 1
6 11
11 1
10 5
8 13
2 11
6 4
12 10
9 6
8 8
5 11
1 0
5 8
6 13
9 11
2 7
6 7
7 5
4 13
10 9
9 7
3 5
8 0
6 3
3 12
6 2
14 8
5 5
11 0
14 14
4 11
9 14
0 9
8 14
5 7
2 14
1 3
14 11
7 2
10 14
1 14
3 6
3 10
5 1
12 0
12 2
1 8
7 13
11 11
10 1
0 1
14 13
13 10
5 6
1 6
6 6
14 6
2 3
6 1
11 6
1 10
3 3
9 8
7 10
14 7
4 3
12 7
11 8
1 5
13 6
10 0
6 9
