20 226 4653
0000000000000000000
0000000000000000000
0000000000000000000
0000000000000000000
0000000000000000000
0000000000000000000
0000000000000000000
0000000000000000000
0000000000000000000
0000000000000000000
0000000000000000000
0000000000000000000
0000000000000000000
0000000000000000000
0000000000000000000
0000000000000000000
0000000000000000000
0000000000000000000
0000000000000000000
0000000000000000000
00000000000000000000
00000000000000000000
00000000000000000000
00000000000000000000
00000000000000000000
00000000000000000000
00000000000000000000
00000000000000000000
00000000000000000000
00000000000000000000
00000000000000000000
00000000000000000000
00000000000000000000
00000000000000000000
00000000000000000000
00000000000000000000
00000000000000000000
00000000000000000000
00000000000000000000
4 19
4 18
10 0
6 16
17 15
14 18
10 6
0 6
12 19
14 2
7 2
10 9
10 1
3 13
7 13
6 18
17 5
4 11
3 12
9 10
16 10
13 13
7 7
9 0
13 19
19 10
8 6
5 1
2 5
6 17
19 13
0 4
9 11
17 17
9 4
7 17
1 13
4 2
5 11
1 19
10 4
6 13
17 13
18 11
18 9
11 6
18 5
4 9
5 12
12 3
12 14
9 14
18 4
12 15
2 14
9 19
0 9
8 15
9 17
11 10
7 9
18 18
0 17
9 15
1 2
5 15
13 12
0 18
19 6
8 17
15 0
7 15
14 13
14 10
9 8
8 19
5 7
4 6
10 2
11 19
4 15
5 17
14 6
8 13
18 14
9 16
19 4
18 7
10 5
3 19
12 4
8 1
18 17
19 2
16 19
0 12
12 17
16 4
10 10
6 11
2 4
4 14
2 0
10 11
18 19
6 12
17 9
15 8
19 7
16 18
17 8
11 7
3 18
5 14
17 11
0 5
11 12
10 13
5 19
10 8
16 0
7 0
19 19
3 15
16 6
15 9
6 1
17 16
17 19
11 8
15 19
2 12
3 9
19 8
19 17
15 14
11 13
15 7
14 14
7 19
2 1
3 5
8 12
7 1
11 3
2 19
10 18
19 15
15 5
10 16
1 3
2 7
15 17
8 2
13 4
13 16
18 3
5 6
0 19
18 2
2 15
16 13
1 17
13 2
16 11
12 12
5 4
17 6
4 8
12 0
3 8
14 16
5 3
15 11
6 14
11 16
10 14
6 6
8 9
7 14
18 1
0 7
2 8
1 4
4 0
7 12
9 6
5 16
13 5
19 9
5 9
9 1
13 6
14 19
17 3
5 5
16 15
14 9
3 0
17 1
13 0
8 14
16 5
7 6
11 2
6 7
8 5
18 12
0 8
11 18
12 11
2 9
10 15
2 13
17 14
12 2
0 16
10 17
14 3
0 15
8 4
18 8
8 3
0 1
18 16
0 0
