20 369 14699
0000000100000000000
0000000100000000000
0000000101000000000
0000000101000000000
0000000101000000000
0000000101000000000
0000000101000000000
0000100101000000000
0000100101000000000
0000100000000010100
0000100000000010000
0000100000000010000
0000100000000010000
0000100000000110000
0000100000000110000
0000100000000110000
0000100000000110000
0000101000000100000
0000101000000100001
0000111000000100001
00000000000000000000
00000000000000000000
00000000000000000000
00000000000000000000
00000000000000000011
11111100001111111110
00000000000000000011
00000000000000000000
00000000011111111111
00000000000000000000
00000000000000000000
00000000111111100000
00000111111000000000
00000000000000000000
00000000000000000000
00000000000000000000
00000000000000000000
00000000000000000000
00000000000000000000
12 8
8 3
7 4
18 0
19 6
1 9
14 7
5 13
10 7
5 11
3 12
12 7
14 14
5 2
5 0
18 15
17 4
18 12
19 9
17 14
14 3
17 12
8 11
11 15
17 6
10 8
4 0
9 16
3 3
4 1
16 3
3 7
7 17
11 12
3 6
6 6
1 17
15 8
0 9
13 7
5 14
11 1
19 11
1 0
11 7
4 13
14 4
14 13
12 3
0 17
11 16
14 8
15 17
4 17
15 4
11 14
5 15
1 18
17 0
14 18
6 14
11 0
3 13
11 18
9 13
18 2
16 2
1 10
13 5
16 9
13 14
7 11
11 8
18 6
10 12
10 4
15 10
15 2
19 0
7 9
5 17
0 12
15 15
5 7
3 19
17 18
0 7
10 11
8 1
1 19
16 13
11 3
4 5
19 4
9 6
8 14
3 16
16 17
2 3
15 18
4 10
6 12
11 17
8 13
19 7
17 10
7 13
3 14
9 11
17 19
1 1
4 14
15 11
8 15
0 6
7 18
7 14
5 3
9 4
13 18
16 4
1 16
0 0
3 10
9 19
2 9
1 4
2 19
18 11
7 3
1 11
1 3
9 1
3 2
7 12
5 16
10 3
12 17
9 15
19 10
6 16
8 5
13 19
19 8
11 9
7 0
14 11
16 16
10 17
11 5
13 4
4 18
18 8
16 14
14 15
10 10
9 10
6 3
12 1
3 4
10 15
18 19
12 4
8 2
15 16
4 8
19 5
6 1
0 4
9 3
14 9
8 8
4 15
18 17
10 6
6 11
12 9
12 15
15 9
0 2
6 0
8 12
19 14
13 12
11 6
17 15
13 16
9 14
13 6
0 14
18 5
15 14
13 11
15 0
11 10
18 13
2 11
6 8
7 6
0 8
0 10
7 16
1 7
4 9
17 3
15 5
10 13
18 14
18 16
6 13
11 19
3 17
19 17
1 2
0 18
12 10
2 8
2 5
18 10
7 2
8 17
19 1
9 7
16 8
10 9
16 0
11 2
5 6
3 9
15 6
3 1
5 8
10 14
3 8
16 7
2 14
16 12
9 2
5 12
9 18
17 17
1 8
0 19
6 2
4 7
0 13
19 12
4 2
2 7
7 8
19 3
16 15
16 11
8 9
8 7
8 6
14 16
14 0
12 5
14 6
6 7
18 7
16 18
2 6
9 8
15 7
14 12
15 1
16 6
2 18
0 5
19 13
5 4
13 15
2 15
13 1
6 5
6 18
7 19
17 2
16 19
13 2
2 17
4 11
18 1
15 19
13 8
3 11
13 9
14 19
13 13
12 14
18 4
5 1
6 9
1 5
12 13
18 3
9 5
19 19
5 10
4 16
10 19
15 12
5 5
17 13
4 4
9 17
4 3
14 5
1 6
18 9
1 15
1 14
8 10
17 7
5 19
0 15
8 16
4 6
17 1
10 0
3 5
8 0
12 11
1 13
12 18
2 1
13 3
7 5
2 0
12 0
13 17
10 1
7 7
15 3
17 5
3 18
12 2
2 2
5 18
11 11
14 17
17 8
8 4
10 2
12 6
4 19
8 19
7 10
0 1
17 11
14 10
2 16
10 18
9 9
0 11
19 16
11 4
4 12
6 17
14 1
12 19
10 16
6 19
16 5
9 12
17 9
2 10
