17 162 3251
0010000000000000
0010000000000000
0010000000000000
0010000000000000
0010000000000000
0010000000000000
0010000000000000
0010000001000000
0010000001000000
0010000001000000
0010000001000000
0010000001000000
0010000001000000
0000000000000000
0000000000000000
0000000000000000
0000000000000000
00000000000000000
00000000000000000
00000000000000000
00000000000000000
00000000000000000
00000000000000000
00011111111100000
00000000000000000
00000000000000000
00000000000000000
00000000000000000
00000000000000000
00000000000000000
00000000000000000
00000000000000000
00000000000000000
0 4
6 1
9 3
16 7
9 1
16 6
6 14
3 2
13 10
7 11
9 16
15 0
9 0
15 15
5 15
4 5
8 5
2 8
12 7
4 14
14 0
12 9
8 4
8 15
0 10
10 8
16 15
3 11
12 3
1 1
11 12
10 6
8 2
4 4
8 0
13 14
10 3
1 3
7 5
15 6
1 5
0 6
7 2
12 14
0 7
5 0
6 9
11 11
1 14
13 7
2 5
2 7
0 0
0 1
10 1
3 0
1 12
11 14
16 0
11 10
9 13
2 12
5 3
10 2
16 12
9 2
12 5
14 15
6 15
6 11
3 10
14 7
16 3
13 3
1 0
11 15
9 8
10 0
11 8
3 9
14 14
13 2
7 9
1 6
6 2
3 15
3 3
4 11
3 4
4 10
4 15
5 14
12 15
16 16
14 4
0 16
4 2
12 16
12 10
16 10
15 4
2 14
15 7
9 10
9 14
12 4
7 13
7 14
13 4
6 5
6 12
16 13
4 16
11 16
4 8
12 13
8 14
16 4
6 0
12 0
9 5
5 8
13 13
10 10
7 3
8 16
12 12
8 13
1 7
16 5
2 0
6 3
14 16
5 9
16 8
9 7
1 11
2 2
10 14
10 12
10 15
1 9
7 6
5 12
2 4
9 4
8 12
10 5
2 9
4 13
7 15
11 9
12 1
10 7
13 0
4 9
8 10
5 5
11 5
3 14
1 16
13 1
