15 100 3671
00000000000100
00000000000100
00000000000100
00000000000000
00000000000000
00000000000000
00110000000000
00110000000000
00110000000000
00100000000000
00100000000000
00000000000000
00000000100000
00000000100000
00000000000000
000000000000000
000000000000000
000000000000000
011111111111111
110000000000000
000111111100000
000000000000000
000000000000000
000000000000000
000000000000000
111111111111000
111111111100000
000000000000000
000000000000000
13 14
1 8
2 10
3 12
3 11
7 13
4 8
6 0
2 4
12 13
2 8
4 14
12 3
11 12
0 11
8 3
10 7
9 6
12 8
7 6
1 13
4 12
3 8
5 5
12 6
10 3
12 0
4 11
9 0
11 10
10 8
13 13
9 4
14 14
2 9
8 13
7 5
7 9
9 3
2 2
11 7
8 7
3 0
0 7
4 3
5 7
10 1
1 5
14 10
4 9
10 5
14 5
1 14
5 12
5 0
11 0
13 7
2 5
3 10
2 7
3 4
5 6
13 6
2 0
12 12
1 6
5 14
13 2
6 5
3 7
0 10
7 1
7 3
1 12
14 12
2 13
0 6
0 1
5 4
7 12
13 9
7 0
6 11
7 10
11 8
1 1
11 4
14 4
2 14
13 0
0 12
1 4
8 6
12 11
10 11
12 7
4 6
12 10
14 3
6 4
