15 198 5266
01000000000000
01000000000000
01000000000000
01000000000000
01000100000000
01000100000000
01000000000000
01000000000000
00000000000000
00000000000000
10000000000000
10000000100000
10000000100000
10000000000000
10000000000000
000000000000000
000001111111111
000000000000000
000000000000000
000000000000000
001111111111100
000000000111111
000000000000000
000000000000000
000000111111111
000000001111111
010000000000000
000000011001111
000000011111111
1 6
0 3
8 7
10 9
4 14
7 2
4 8
10 0
10 10
14 14
12 4
12 6
3 9
0 12
11 11
6 5
5 4
2 1
14 1
4 2
11 0
5 0
0 5
2 5
5 7
13 11
3 7
7 0
11 14
3 14
11 5
12 5
6 13
10 8
9 14
10 3
2 8
10 7
13 7
10 4
11 9
12 14
3 10
3 11
1 10
1 9
13 8
7 11
5 2
9 12
2 9
8 14
13 6
14 8
0 4
2 12
12 7
2 7
3 4
13 3
0 11
11 7
1 7
1 0
5 6
10 12
5 9
8 4
8 1
8 8
12 3
9 7
0 10
7 4
0 9
13 10
14 5
0 7
4 4
7 1
5 11
5 12
10 6
9 2
7 8
3 1
0 2
1 12
13 1
4 11
6 6
1 13
5 14
11 8
7 7
9 5
14 2
13 5
2 0
8 5
1 2
0 13
4 9
3 3
11 2
12 12
7 13
4 3
8 12
6 8
6 2
10 14
2 13
3 2
12 13
6 11
9 8
13 14
13 2
7 12
13 4
5 1
14 7
1 8
9 1
3 12
9 4
9 6
9 13
14 10
4 10
1 4
8 3
2 6
4 7
2 2
7 9
4 0
9 10
7 14
4 5
10 13
10 5
14 3
10 1
12 1
2 14
6 0
10 2
13 0
8 13
7 3
7 10
13 13
2 11
3 13
8 2
3 0
14 9
0 1
9 3
6 10
12 2
1 5
5 8
11 13
3 8
11 6
1 1
9 11
9 9
4 6
14 6
7 5
12 8
6 1
6 14
0 0
1 14
13 9
14 4
6 4
8 9
8 6
4 1
5 3
0 6
6 9
11 12
5 13
5 10
1 11
0 8
2 3
6 3
3 5
14 0
8 10
