20 199 3393
0000000000000000000
0000000000000000000
0000000000000000000
0000000000000000000
0000000000000000000
0000000000000000000
0000000000000000000
0000000000000000000
0000000000000000000
0000000000000000000
0000000000000000000
0000000000000000000
0000000000000000000
0000000000000000000
0000000000000000000
0000000000000000000
0000000000000000000
0000000000000000000
0000000000000000000
0000000000000000000
00000000000000000000
00000000000000000000
00000000000000000000
00000000000000000000
00000000000000000000
00000000000000000000
00000000000000000000
00000000000000000000
00000000000000000000
00000000000000000000
00000000000000000000
00000000000000000000
00000000000000000000
00000000000000000000
00000000000000000000
11100000000000000000
00000000000000000000
00000000000000000000
00000000000000000000
12 8
19 7
12 19
9 1
19 10
8 1
0 9
2 18
2 11
0 15
2 4
11 13
10 14
8 0
8 16
14 15
11 11
2 15
13 5
9 11
7 10
15 19
6 13
16 1
5 3
15 9
10 8
19 5
12 5
11 0
17 3
14 5
0 0
1 3
10 1
15 4
5 7
7 6
13 4
12 3
7 1
9 7
10 16
4 7
2 2
18 3
16 5
5 1
4 11
16 12
4 8
14 1
0 5
2 13
3 13
1 18
9 15
16 14
11 9
5 2
16 9
18 12
16 4
10 5
5 13
4 10
12 11
6 5
6 12
13 18
3 3
11 14
15 13
13 10
16 19
8 13
9 9
11 2
18 0
8 5
19 17
3 7
11 7
2 3
15 6
8 11
8 15
9 12
15 15
13 13
18 10
6 15
2 16
8 12
3 14
9 3
14 19
10 3
14 13
3 2
5 10
19 3
2 9
13 11
4 15
7 16
2 5
4 1
17 12
9 14
4 14
15 5
1 8
15 12
0 2
16 15
6 6
18 4
3 16
18 19
13 3
12 9
4 16
6 9
4 12
5 14
0 4
16 0
8 7
1 1
1 5
17 9
3 1
15 16
17 14
4 3
8 8
17 17
9 13
13 16
2 6
7 18
15 2
13 15
17 5
16 18
11 10
6 18
17 0
3 6
2 1
3 10
5 0
15 1
11 3
3 18
12 16
3 11
3 19
9 0
7 12
19 0
2 12
15 18
2 7
5 4
18 15
9 19
0 7
7 11
4 5
18 14
12 10
17 15
18 2
10 17
14 9
1 14
4 17
15 7
16 2
8 2
1 15
14 18
10 12
13 0
6 7
12 18
14 3
14 17
3 12
1 12
1 17
10 15
5 5
12 17
5 12
19 14
7 14
