17 77 3324
0000000000000000
0000001000000000
0000001000100000
0000001000100000
0000001000100000
0000001000100000
0000001000000000
0000011000000000
0000011000000000
0000011000000000
0000011000000000
0000011000000000
0000011000000000
0000011000000000
0000011000000000
0000000000000000
0000000000000000
00000000000000000
00000000000000000
00000000000000000
10001110000000000
11111000000000000
11110000011111111
00000000000000000
10000000000000000
00000100000000000
00000000000000000
00000000000000000
00000000000000000
00000000000000000
00000000111111111
11111111111110000
00000000000000000
10 8
15 11
2 16
16 14
3 5
12 15
9 10
10 6
6 10
12 1
13 12
0 16
15 2
3 6
4 9
14 12
7 2
6 9
12 12
3 7
15 9
6 4
5 14
6 1
3 1
8 11
8 3
4 5
11 10
10 11
14 1
0 6
5 6
14 11
10 10
16 1
8 6
7 11
15 12
13 0
2 9
7 14
1 15
3 9
5 12
11 8
12 6
7 0
16 10
2 6
8 0
16 9
8 12
12 2
15 1
6 11
11 15
10 7
9 2
8 9
2 5
4 2
0 15
8 14
14 13
5 8
7 5
14 9
1 11
15 13
8 4
10 4
4 6
3 13
1 14
7 9
10 14
