17 207 6727
0000000000000000
0000000000000000
0000000000000000
0000000000000000
0000000000000000
0000000000000000
0000000000000000
0000000000000000
0000000000001000
0000000000101000
0000000000001000
0000000000001000
0000000000001000
0000000000001000
0000000000011000
0000000000001000
0000000000001000
00000000000000000
00000000000000000
11111111111110011
11111110000000000
00000000000000000
11111111111000000
00000000000000000
00000000000001110
00000000000000000
11111000111110000
11000011111110000
00000000000000000
00000000000000000
00000000000000000
00011111111110000
00000000000000000
0 15
16 16
4 0
3 1
14 1
10 1
13 12
4 7
7 1
7 13
11 10
14 11
6 9
7 11
2 12
1 4
4 9
3 12
13 3
4 13
6 13
13 11
15 1
0 9
9 3
4 12
2 1
2 4
11 3
6 14
9 6
4 5
4 1
13 15
9 7
3 13
3 8
16 7
6 7
4 14
15 7
8 2
9 12
5 14
5 16
14 4
9 9
12 11
10 2
7 12
12 8
12 16
8 4
14 5
8 3
1 16
13 8
10 13
3 16
2 0
16 15
7 7
9 5
12 15
5 4
14 3
0 4
11 12
1 7
5 13
12 3
11 11
5 0
15 3
13 9
15 14
2 3
3 7
15 12
8 12
11 15
1 6
1 14
14 12
1 2
16 4
9 13
2 10
5 10
10 16
0 8
12 9
15 5
10 12
15 10
5 15
11 14
14 7
1 8
12 7
15 15
2 5
7 9
16 6
6 4
9 10
9 1
0 1
2 2
11 6
12 5
13 13
1 0
14 14
5 6
10 0
1 11
3 2
3 9
6 11
3 4
8 1
10 5
14 0
16 9
7 16
9 14
10 6
13 5
4 8
13 16
0 0
12 12
13 2
14 13
1 5
16 3
5 8
15 9
12 10
8 5
15 16
12 2
2 13
8 10
4 10
15 8
11 8
10 8
6 15
13 6
8 16
16 11
5 9
1 12
10 15
2 6
6 12
13 10
12 4
14 9
12 0
16 10
9 4
0 5
14 8
0 11
4 3
10 14
10 4
1 1
6 1
5 12
8 13
4 11
11 16
16 14
10 11
4 6
3 11
6 16
15 0
13 14
12 13
7 15
14 6
13 1
10 9
12 1
1 13
8 15
9 15
7 5
11 2
8 14
5 2
10 3
2 16
3 14
1 15
5 7
2 8
13 4
7 6
7 4
7 0
3 3
