20 357 11214
0000000000000000000
0000000000000000000
0000000000000000000
0000000000000000000
0000000000000000000
0000010000000000000
1000010000000000000
1000010000000000000
0001000100000000000
0001000100100001000
0001000100000000000
0001000100000000000
0000000100000000000
0000000100000000000
0000000100000000000
0000000100000000000
0000000000010000000
0000000000010000000
0000000000010000000
0000000000010000000
00000000000000000000
00000000000000000000
00000000000000000000
00000000000000000000
00000011110000000000
00000011111100000000
00000000111111111111
11111111111111100000
00000000111111111000
00000000000000000000
11000000000000000000
00000000000000000000
00000000000000000000
00000000111110000000
00000000000000000000
00000000000000000000
00000000000000000000
00000000000000000000
00000000000000000000
12 15
15 0
3 5
9 15
18 18
11 11
12 8
16 3
14 9
4 15
9 8
0 1
6 0
19 16
7 9
11 3
12 13
7 2
15 9
6 7
15 12
3 14
17 18
8 15
19 10
15 13
18 17
7 0
4 19
17 5
1 0
12 9
17 11
19 18
11 12
17 14
17 12
19 6
7 14
3 18
13 14
14 16
2 5
10 9
10 8
13 16
1 13
0 14
17 10
7 16
13 2
9 6
2 4
8 16
2 12
7 11
17 15
3 15
18 4
4 12
17 0
6 16
7 8
2 16
10 14
15 3
5 15
4 4
0 3
2 17
2 3
4 18
8 4
5 3
11 4
6 2
12 19
8 1
0 10
10 6
11 1
8 3
13 10
8 17
12 18
6 18
6 14
14 8
10 5
2 9
16 13
12 5
15 11
4 13
3 10
12 16
1 12
16 0
11 16
15 4
1 8
8 6
10 1
18 10
8 12
11 8
14 4
13 13
17 6
5 16
3 3
0 6
9 14
2 8
17 8
6 11
16 7
9 4
11 2
13 0
2 13
13 17
0 8
14 12
14 19
15 5
0 18
0 0
7 5
17 4
2 18
18 19
14 13
14 0
2 0
14 15
8 0
18 2
16 16
13 6
12 17
2 2
9 18
12 4
0 5
1 11
0 16
16 2
3 7
5 18
10 16
0 4
19 7
11 10
8 9
9 1
2 1
17 1
10 3
12 12
4 7
2 19
19 9
6 5
6 8
7 7
2 11
15 2
13 11
11 6
4 5
5 19
9 16
6 6
10 19
17 9
12 10
1 2
8 10
5 13
12 1
15 14
0 9
7 6
5 5
15 1
11 5
3 12
15 7
4 11
14 11
5 17
16 19
11 18
19 8
19 17
19 11
3 19
9 0
6 3
9 5
1 18
19 12
13 19
8 18
19 2
19 5
3 6
18 9
8 8
2 7
1 5
3 1
0 2
15 6
10 10
1 1
18 13
4 2
4 10
16 18
13 7
19 14
1 9
14 14
0 19
5 0
10 2
10 18
6 19
3 13
5 1
16 17
13 4
7 15
3 2
14 1
9 3
5 14
5 4
17 17
9 12
12 0
7 10
18 3
11 9
1 14
6 17
4 9
5 7
7 1
16 12
3 16
1 15
15 10
13 15
7 19
10 12
4 17
3 0
9 11
10 0
12 3
2 10
1 3
17 13
0 12
8 7
15 18
19 0
3 9
0 13
1 4
18 15
19 4
17 19
15 16
19 3
9 19
17 3
4 3
4 14
0 7
8 14
16 8
10 7
18 14
19 1
18 5
0 11
9 10
18 12
9 7
4 0
18 6
13 3
18 0
9 17
8 13
1 16
16 15
6 10
14 5
12 6
10 4
6 4
7 17
11 14
7 12
10 15
19 13
3 11
12 2
3 17
13 8
12 11
3 8
14 2
17 16
9 2
5 6
4 16
1 17
14 7
11 7
12 14
5 12
7 3
11 15
7 4
19 15
13 1
4 8
5 10
16 14
2 15
8 2
16 5
12 7
3 4
6 15
6 1
13 18
15 8
1 19
17 7
7 13
18 16
9 13
1 6
0 17
1 10
14 3
14 10
16 10
14 17
5 11
