17 146 2643
0000000000000000
0000000000000000
0000000000000000
0000000000000000
0000000000000000
0000000000000000
0000000000000000
0000000000000000
0000000000000000
0000000000000000
0000000000000000
0000000000000000
0000000000000000
0000000000000000
0000000000000000
0000000000000000
0000000000000000
00000000000000000
00000000000000000
00000000000000000
00000000000000000
00000000000000000
00000000000000000
00000000000000000
00000000000000000
00000000000000000
00000000000000000
00000000000000000
00000000000000000
00000000000000000
00000000000000000
00000000000000000
00000000000000000
10 14
7 9
3 7
3 0
0 1
6 12
13 7
12 15
15 10
10 8
9 1
8 9
10 13
3 15
16 9
6 11
5 11
2 8
7 6
10 10
4 5
11 3
6 10
10 5
14 15
13 0
9 3
1 16
9 0
0 4
3 10
14 1
16 3
14 5
16 14
13 2
16 11
6 4
13 3
4 12
15 5
7 3
2 4
7 10
10 11
6 16
1 9
13 4
16 16
0 0
2 2
8 16
5 1
2 6
15 15
11 9
0 3
16 7
10 9
15 14
11 15
11 8
1 4
11 13
5 14
12 8
2 1
5 2
14 12
7 11
7 16
0 6
8 14
14 11
9 6
8 11
7 2
2 9
11 7
3 4
0 15
13 1
8 5
5 16
12 0
7 7
8 1
13 14
9 9
14 7
1 10
5 3
4 9
16 1
12 10
9 2
5 8
2 10
14 10
13 16
6 14
16 13
7 12
8 13
8 4
14 2
1 8
12 9
1 1
4 14
5 9
10 6
14 16
16 2
3 14
1 2
0 5
6 8
3 13
6 6
4 11
11 11
12 3
16 8
0 10
11 6
4 2
10 3
11 5
15 12
13 12
10 0
4 10
10 4
9 4
6 2
4 1
12 1
2 0
12 5
1 3
9 14
12 7
1 12
4 16
14 6
