20 365 11417
0000000000000100000
0000000000000100000
0000000000000100000
0000000000000100010
0000000000000100010
0001000000000100010
0000000000000100010
0000000000000100010
0000000000000100010
0010000000000100010
0000010000000100010
0000010000000100010
0000010000000100001
0000010000000100001
0000000000000100001
0000000000000100001
0000000001000100001
0000000001000100001
0000000001000000001
0000000001000000001
00000000000000000000
00000000000000000000
11111111000000000000
00000000000000000000
01111111111111000000
00000000000000000000
00000000000000000000
00000000000000000000
00000000000000000000
11111111110000111110
00000000000000000000
00000011111000000000
00000000000000000000
00000000000000000000
00000000000000000000
00000000000000000000
00000000000000000000
11111111000000000000
00000001110000000000
8 7
16 10
3 10
8 18
3 5
11 18
0 5
3 1
12 16
6 19
5 13
7 0
6 9
12 6
5 12
4 1
15 4
8 14
16 13
9 13
10 3
2 14
16 5
2 19
0 3
3 13
5 6
2 6
2 15
19 11
14 10
7 17
11 1
9 11
4 9
18 1
18 12
19 17
15 5
11 14
14 1
0 0
7 13
9 14
10 4
14 0
18 7
4 6
11 10
18 2
9 19
10 19
12 5
5 8
18 0
5 1
18 11
8 15
0 10
15 1
1 1
15 7
4 8
15 16
0 18
19 9
7 6
8 11
19 6
2 12
13 11
9 6
2 11
9 18
6 18
14 15
3 3
3 6
3 9
13 2
0 15
0 17
14 19
1 2
11 3
2 10
17 17
5 10
14 3
17 6
1 11
1 0
2 4
9 3
9 15
8 9
15 17
10 9
5 9
14 4
4 7
4 14
18 9
9 10
7 14
3 18
1 7
5 17
16 4
5 5
1 16
4 10
5 2
7 18
0 13
15 10
12 4
6 15
19 5
16 17
2 3
7 12
17 4
3 19
1 5
19 12
18 18
6 16
10 8
12 10
10 10
1 13
17 9
6 6
12 14
9 2
10 6
7 5
9 8
3 14
11 12
8 3
13 3
8 4
18 16
13 17
11 8
1 12
17 11
2 5
8 12
9 0
18 15
17 3
5 4
3 8
13 8
2 16
11 2
0 8
13 10
4 12
13 14
16 6
6 10
17 5
14 16
13 15
19 0
11 4
2 2
11 11
2 0
14 8
8 2
15 12
15 6
2 9
8 8
9 5
6 1
13 13
4 5
6 13
8 17
14 12
18 10
12 17
16 16
14 14
16 9
17 8
7 2
0 11
3 17
2 13
17 0
12 15
16 11
6 14
1 18
4 3
0 14
9 12
6 8
5 7
1 4
3 4
8 19
17 10
7 4
18 14
17 18
19 2
2 1
9 17
14 18
19 15
16 12
0 19
7 8
14 9
18 13
13 9
14 6
1 3
4 15
7 11
7 19
17 12
7 1
4 13
11 15
6 11
4 18
14 13
0 12
16 8
4 17
9 16
8 5
4 11
6 17
19 19
7 16
3 16
17 19
4 0
16 18
11 16
15 2
8 1
5 11
14 11
13 12
8 16
10 13
11 13
9 4
1 6
2 18
11 17
6 12
17 14
13 6
9 9
2 17
15 11
5 15
19 4
12 11
9 7
7 15
12 7
18 3
7 9
7 3
18 5
18 4
10 1
10 17
12 9
12 0
2 7
16 1
5 18
5 0
16 0
12 8
10 7
16 15
17 15
1 17
19 13
1 10
11 5
12 3
16 3
13 0
10 11
1 19
8 13
5 3
19 10
10 5
10 2
15 14
3 15
9 1
4 16
13 5
8 0
10 14
5 16
18 17
10 12
2 8
11 9
12 12
8 6
18 8
1 8
12 2
4 2
15 3
3 2
19 18
13 19
0 7
3 11
8 10
16 7
6 3
7 7
12 19
15 15
1 15
0 4
3 7
0 16
10 15
14 7
17 1
11 19
6 7
10 0
19 3
15 0
0 2
7 10
12 13
16 2
11 0
13 4
14 5
17 16
13 16
5 19
4 4
19 7
3 0
15 19
17 7
6 4
3 12
