14 80 1027
0000000000000
0000000000000
0000000000000
0000000000000
0000000000000
0000000000000
0000000000000
0000000000000
0000000000000
0000000000000
0000000000000
0000000000000
0000000000000
0000000000000
00000000000000
00000000000000
00000000000000
00000000000000
00000000000000
11111111111000
00000000000000
00000000000000
00000000000000
00000000000000
00000000000000
00000000000000
00000000000000
13 8
7 12
0 1
7 9
5 5
3 8
6 13
1 12
2 6
12 0
2 0
0 0
11 7
13 9
2 9
0 3
4 2
11 2
4 9
0 5
9 2
9 10
13 2
8 3
3 6
8 4
6 0
13 10
4 10
8 0
8 9
6 12
4 0
1 7
2 8
12 9
3 1
6 8
10 1
13 11
9 1
2 11
4 7
3 3
0 7
13 6
13 5
2 12
7 1
11 0
13 7
13 4
1 10
8 5
8 10
1 5
11 8
1 3
3 10
4 6
5 3
0 8
11 4
11 9
10 9
9 0
0 4
2 2
6 4
10 11
8 8
11 6
4 13
5 11
6 9
12 3
6 7
3 11
5 4
12 2
