13 96 1444
000000000000
000000000000
000000000000
000000000000
000000000000
000000000000
000000000000
000000000000
000000000000
000000000000
000000000000
000000000000
000000000000
0000000000000
0000000000000
0000000000000
0000000000000
0000000000000
0000000000000
0000000000000
0000000000000
0000000000000
0000000000000
0000000000000
0000000000000
1 9
3 8
2 6
10 9
1 2
11 1
7 10
6 7
0 9
9 12
7 0
1 4
0 4
11 12
0 3
11 6
5 5
10 1
1 11
7 5
4 6
6 9
2 12
9 7
1 5
0 7
9 3
6 8
3 1
4 12
3 11
3 4
1 0
8 0
8 1
1 12
9 1
4 1
6 12
7 3
12 12
9 11
3 0
0 5
8 12
8 5
5 8
3 9
8 7
4 2
10 4
3 6
6 3
8 11
5 1
8 2
10 6
4 5
2 1
5 10
10 12
9 5
2 10
4 3
3 2
11 8
12 5
4 9
12 6
9 10
12 11
11 9
0 6
11 7
10 5
0 0
2 8
5 2
0 2
6 6
0 8
2 11
2 3
9 6
1 7
10 7
5 4
5 0
11 5
3 5
4 11
9 9
6 5
0 11
9 8
12 3
