20 69 2305
0000010000000001000
0000010000000001000
0000000000000001000
0000000000000001000
0000000000000001000
0000000000000000000
0000000000001000000
0000000000001000000
0000000000001000000
0000000000001000000
0000000000001000000
0000000000001000000
0000000000001000000
0000000000001000000
0000000000001000000
0000000000001000000
0000000000001000000
0000000000001000000
0000000000001000100
0000000000001000100
00000000000000000000
00000000000000000000
00000000000000000000
00000000000000000000
00000000000000000000
00000000000000000000
00000000000000000000
00000000000000000000
00000000000000000000
00000000000000000000
00000000000000000000
00000000000000000000
00000000000000000000
00000000111110000000
00000000000000000000
00000000000000000000
00000000000000000000
00000000111110000000
00000000000000000000
1 5
10 11
12 7
15 17
13 19
3 7
0 5
3 16
14 4
18 0
7 15
18 19
3 1
14 13
16 12
17 8
11 11
14 16
1 18
16 1
6 10
2 9
7 12
2 6
12 2
1 2
8 11
3 9
12 12
4 11
17 18
11 3
17 12
19 5
13 18
18 16
1 0
17 15
9 16
4 12
12 16
1 15
7 19
17 9
18 17
0 14
14 5
6 6
6 1
6 14
1 6
17 0
19 16
16 2
6 18
8 19
18 5
10 8
12 13
0 18
3 12
13 8
10 1
14 14
6 5
2 1
18 11
11 14
4 1
