18 188 3268
00000001000100000
00000001000100000
00000001000100000
00000001000000000
00000001000000000
00000001000000000
00000001000000000
00000001000000000
00000001000000000
00000001000000000
00000001000000000
00000001000000000
00000001000000000
00000000000000000
00000000000000000
00000000000000000
10000000000000000
10000000000000000
000000000000000000
000000001100000000
000000001110000000
000000000000000000
000000000000000000
000000000000000000
000000000000000000
000000000000000000
000000000000000000
000000000000000000
000000000000000000
000000000000000000
000000000000000000
000000000000000000
000000000000000000
000000000000000000
000000000000000000
13 3
0 15
14 15
4 11
17 14
12 17
2 4
6 15
5 0
1 13
4 6
12 0
3 16
11 9
6 3
4 16
13 16
13 8
14 3
14 12
6 11
0 5
13 7
9 10
13 5
11 2
7 8
1 10
7 5
10 14
6 6
4 2
17 13
7 9
4 17
4 7
2 15
1 15
8 10
4 0
10 17
0 17
6 8
11 4
2 16
1 1
15 6
16 9
8 9
0 12
9 11
5 9
4 15
3 7
8 14
17 2
8 6
15 17
14 11
4 8
14 1
6 10
0 3
10 7
17 7
15 12
8 5
0 1
14 4
16 5
0 0
8 3
16 12
10 2
15 7
1 2
3 17
11 7
15 13
10 8
10 10
2 3
7 13
12 10
13 15
15 8
6 12
17 1
3 14
5 6
8 0
3 12
3 6
15 2
12 2
2 5
0 10
14 16
10 4
13 17
15 10
16 16
16 4
2 10
3 15
9 16
3 13
15 3
0 13
1 3
6 14
12 4
16 1
14 13
7 3
13 4
5 5
1 8
4 9
7 2
9 15
11 1
2 17
14 8
16 2
5 12
17 11
16 0
12 7
8 12
17 0
9 17
12 15
13 9
16 10
10 15
9 9
7 11
8 1
16 17
6 2
12 6
16 11
13 6
8 4
5 16
14 7
1 4
7 15
15 5
8 16
16 6
14 5
13 0
5 13
13 12
0 11
8 17
10 11
13 13
17 8
13 14
12 16
6 1
15 9
14 0
0 7
4 12
12 1
9 6
1 17
4 10
5 3
7 7
17 5
12 14
7 16
14 6
3 1
16 3
4 5
3 10
11 14
15 14
5 7
1 7
17 16
1 9
