17 218 6350
0000000000000000
0000000000000000
0000000000000000
0000000000000000
0000000000000000
0000000000000000
0000000000000000
0000000100000000
0000000100000000
0000000100000000
0000000100000000
0000000100000000
0000000100000000
0000000100000000
0000000100000000
0000000100000000
0000000100000000
00000000000000000
00000000000000000
00000000000000000
11111111111111000
11111111111000000
00000000000011111
00000000000000011
00000000000000000
00000000000000000
00000000000000000
00000000000000000
00000000000000000
00000000000000000
00000000000000000
00000000000000000
00000000000000000
10 15
3 0
9 0
0 0
6 6
12 14
11 11
16 6
15 10
1 0
6 9
0 16
14 1
6 10
12 16
15 12
16 9
14 4
4 13
13 2
5 3
9 4
5 5
2 4
2 14
0 14
15 2
8 16
8 1
14 14
9 5
5 13
9 13
11 5
1 12
14 8
4 1
3 12
10 2
6 16
6 8
10 13
11 12
8 7
4 11
5 6
11 9
7 6
8 8
1 9
5 14
0 8
7 14
14 3
13 13
6 1
9 14
9 11
14 16
6 5
11 16
5 11
15 5
15 9
14 12
6 11
15 15
3 8
7 13
11 2
10 6
11 0
5 16
12 13
2 5
13 0
11 15
6 13
13 15
3 13
8 6
8 14
15 1
16 7
3 11
11 14
15 11
2 12
16 2
2 9
7 9
1 16
4 3
3 5
7 0
9 16
13 6
3 15
2 16
15 0
8 3
15 14
2 6
6 15
2 1
8 2
3 3
4 6
13 12
8 5
1 7
16 8
0 10
10 12
10 4
12 3
3 7
2 2
2 0
14 11
11 7
16 13
1 5
10 8
3 9
16 4
11 6
9 7
4 7
7 1
0 13
4 10
8 9
12 0
3 16
10 14
6 4
4 5
14 5
16 12
13 3
12 10
13 1
12 12
16 10
8 4
0 1
4 8
3 10
16 3
14 2
5 2
10 0
12 11
16 11
14 0
0 5
4 16
4 4
16 14
3 1
7 11
9 2
6 2
16 15
1 11
5 1
9 6
6 7
15 8
9 15
1 10
0 7
16 5
2 11
14 9
2 8
7 8
9 9
12 6
11 13
2 7
13 8
15 4
11 3
4 0
6 0
3 2
13 16
11 4
7 7
3 6
16 16
10 1
13 7
6 12
0 6
1 15
13 14
0 11
15 3
13 4
1 13
7 3
7 5
8 12
5 9
12 2
10 16
11 8
12 1
1 8
5 7
0 15
4 2
10 11
6 14
0 4
