16 100 3315
101000000000000
111000000000000
110100000000000
110100000001000
110100001001000
110100011001000
010100000001000
010100000001000
010100001001000
010100001001000
010000001001000
010001001001000
010101001001000
010101001001000
010101001001000
010101001001000
0000011111111111
0001111111110111
0000000000000000
0000000000000000
0000000000000000
0000000111110000
0000000000000000
0000000000000000
0000000000000000
0000000000000000
0000000000000000
0000000000000000
0000000000000000
0000000000000000
0000000000000000
4 7
0 8
7 11
4 5
14 6
2 12
11 14
11 8
8 9
2 14
1 0
13 3
11 12
0 0
15 0
3 0
4 4
4 3
11 2
8 10
0 9
10 1
12 13
3 6
4 12
1 10
14 5
3 14
9 2
9 15
8 2
5 0
7 0
14 3
8 15
6 1
15 7
8 1
12 10
13 13
4 9
11 7
13 10
9 1
9 13
11 1
13 15
0 5
5 7
12 0
7 14
14 9
14 7
1 15
8 0
14 12
4 15
7 4
7 8
15 8
4 8
4 13
3 4
5 9
2 10
12 6
13 9
15 1
6 5
8 6
10 4
12 15
10 11
0 3
6 4
2 13
6 3
8 7
3 2
15 9
14 8
11 5
14 11
15 5
14 4
2 11
1 7
15 3
15 11
3 9
5 2
9 0
5 6
15 10
1 5
13 1
14 15
6 6
6 9
9 3
