14 84 2688
0000001000100
0000001100100
0001001100100
0001001100100
1001001100100
1001000100000
1001000100000
1001000100000
1001000000000
1001000000000
1001000000000
1001000000000
1001000000000
1001000000000
00000000000000
00000000000000
00000000000000
00000000000000
00000000000000
00000000000000
00000000000000
00001111111000
00000000011111
00000000000000
00000000000000
00000000000000
00000000000000
6 9
7 1
8 12
12 6
2 5
12 2
7 8
13 3
13 0
7 13
4 11
10 12
3 3
5 0
5 6
8 8
1 7
7 12
9 1
7 2
8 7
5 13
9 0
10 2
11 9
0 12
2 12
9 9
11 12
7 5
9 12
3 0
5 1
12 9
11 4
12 11
9 11
8 1
3 2
13 13
3 1
0 3
6 1
11 11
1 12
0 2
10 13
2 6
2 1
4 4
3 4
7 3
6 5
10 3
11 6
5 8
0 11
7 6
10 5
4 10
5 10
10 4
1 0
6 4
9 13
12 10
4 5
1 3
9 2
6 2
0 0
3 5
6 10
0 9
9 3
11 5
2 0
1 5
8 10
11 8
10 0
8 9
12 5
2 7
