19 67 1405
000000000000000000
000000000000000000
000000010000000000
000000010000000000
000000010000000000
000000010000000000
000000010000000000
000000010000000000
000000010000000000
000000010000000000
000000010000000000
000000010000000000
000000010000000000
000000010000000000
000000010000000000
000000010000000000
000000010000000000
000000010000000000
000000010000000000
0000000000000000111
0000000000000000000
0000000000000000000
0000000000000000000
0000000000000000000
0000000000000000000
0000000000000000000
0000000000000000000
0000000000000000000
0000000000000000000
0000000000000000000
1111111000000000000
0000000000000000000
0000000000000000000
0000000000000000000
0000000000000000000
1111100000000000000
0000000000000001111
15 9
13 10
0 4
12 1
0 1
18 10
17 10
5 13
2 5
11 8
17 12
13 13
12 16
9 14
2 9
8 14
13 6
16 18
10 17
11 16
10 8
13 1
1 18
3 16
2 17
5 6
18 1
3 4
9 6
17 4
1 7
4 12
16 11
4 7
15 7
10 1
7 10
0 6
8 3
12 3
11 0
6 11
16 10
17 13
17 1
5 0
8 13
14 6
18 9
5 11
2 1
7 13
0 16
2 0
4 14
2 12
18 5
12 13
15 14
9 15
9 5
2 10
9 11
10 14
7 14
0 14
7 11
