18 69 1165
10000000000000001
10000000000000001
10000000000000001
10000000000000000
10000000000000000
10000000000000000
10000000000000000
10000000000000000
00010000000000000
00010000000000000
00010000000000000
00011000000000000
00011000000000000
00011000000000000
00011000000000000
00011000000000000
00011000000000000
00000000000000000
000000000000000000
000000000000000000
000000000000000000
000000000000000000
000000000000000000
000000000000000000
000000000000000000
000000000000000000
000000000000000000
000000000000011111
000000000000000000
000001111100000000
000000000000000000
000000000000000000
000000000000000000
000000000000000000
111111111111100000
13 13
16 1
3 17
0 4
16 3
5 0
8 15
4 10
17 1
7 3
15 11
0 8
7 2
2 16
0 7
3 8
1 1
10 8
2 7
3 1
1 6
4 16
6 2
1 8
1 7
7 17
12 10
2 8
8 1
9 2
15 5
15 2
4 4
4 13
7 5
11 14
10 15
5 6
10 14
12 13
12 2
17 10
6 8
15 6
12 15
9 0
9 8
12 0
8 9
5 2
17 14
2 11
8 2
8 10
17 6
1 13
8 6
6 10
3 12
6 17
1 2
14 12
14 1
2 5
6 9
0 14
15 12
6 7
6 4
