18 280 6302
00000000000000000
00000000000000000
00000000000000000
00000000000000000
00000000000000000
00000000000000000
00000000000000000
00000000000000000
00000000000000000
01000000000000000
01000000000000000
01000000000000000
01000000000000000
01000000000000000
01000000000000000
01000000000000000
01000000000000000
01000000000000000
000000000000000000
000000000000000000
000000000000000000
000000000000000000
000000000000000000
000000000000000000
000000000000000000
000000000000000000
000000000000000000
000000000000000000
000000000000000000
000000000000000000
000000000000000000
000000000000000000
000000000000000000
000000000000001111
000000000000000000
1 6
4 13
1 3
15 10
13 14
2 3
15 13
7 4
17 13
10 11
7 2
8 12
16 12
10 7
7 14
7 11
5 16
10 13
11 13
16 17
10 5
3 12
14 14
11 5
15 11
4 7
0 3
4 16
11 9
5 11
5 0
8 5
7 7
4 10
6 2
0 13
4 8
4 14
10 15
14 4
3 17
8 0
1 11
9 3
0 8
16 14
3 7
17 16
17 12
14 16
1 9
10 3
9 10
6 10
2 15
6 0
9 8
8 6
8 2
17 7
1 14
6 13
3 4
0 17
10 2
12 13
0 7
16 11
14 11
9 4
15 17
2 12
5 17
4 12
16 3
7 12
3 0
14 13
13 0
6 7
6 3
12 7
6 11
6 17
13 3
7 9
1 0
0 14
8 8
15 16
13 15
16 15
7 0
7 15
12 10
3 1
5 15
17 1
17 0
5 3
4 3
11 12
8 9
6 1
4 1
7 8
10 12
0 0
7 10
4 11
15 2
13 5
2 5
3 9
14 10
15 8
9 11
3 5
5 9
12 17
10 17
9 7
0 1
8 14
3 14
12 8
4 6
3 15
15 12
1 10
16 16
15 3
2 8
0 11
17 9
5 14
12 2
4 15
16 1
9 14
2 13
15 9
4 4
9 15
2 0
6 8
1 7
16 8
13 11
13 4
17 10
0 2
6 6
7 16
16 5
1 8
6 15
8 1
11 7
4 2
7 13
8 4
7 3
13 8
4 0
17 6
7 17
3 11
15 14
10 14
14 8
17 15
16 4
15 1
10 1
5 13
1 17
4 5
8 11
9 2
14 7
13 13
17 8
8 7
15 5
8 3
0 15
3 2
13 1
2 16
0 10
9 1
4 17
0 12
11 8
5 6
11 6
6 16
9 0
11 11
0 16
11 17
14 6
10 8
13 9
14 17
8 15
17 5
11 3
12 4
16 10
17 2
17 3
2 2
13 6
17 14
5 1
10 16
13 17
11 16
14 12
9 13
2 14
12 9
15 7
10 0
3 6
7 1
16 0
11 0
7 5
12 16
14 1
9 9
10 10
2 10
6 5
2 11
1 13
6 4
15 0
10 6
10 4
13 10
10 9
5 5
14 0
7 6
16 7
8 17
5 2
0 5
9 12
0 4
14 5
3 10
1 12
9 5
1 1
1 5
16 2
2 7
2 4
12 1
1 2
12 12
9 17
1 4
14 3
3 13
8 16
13 12
1 15
17 4
3 3
9 6
15 4
16 9
12 6
3 8
