12 59 1239
00000000000
00000000000
00000000000
00000000000
00000000000
00000000100
10010000100
10110100100
10110100100
10110100100
00110100100
00100100100
000000000000
000000001111
000000000000
000000000000
111110000000
111111100000
000000000000
000000000000
000000000000
000000000000
000000000000
10 9
5 2
11 0
0 0
0 8
8 10
7 4
4 2
0 10
6 8
6 0
6 7
4 10
10 1
2 2
9 3
8 4
0 5
10 8
1 11
3 2
8 1
10 10
7 0
10 6
11 9
10 4
2 1
6 11
3 0
6 1
2 6
11 10
9 10
7 7
7 10
7 2
9 2
4 5
0 9
2 4
2 5
3 10
9 5
0 11
1 6
4 1
8 6
8 9
7 11
7 9
4 6
3 9
9 4
4 4
1 7
3 11
2 3
8 3
