13 163 2965
000001000000
000001000000
000001000000
000000000000
000000000000
000000000000
000000000000
000000000000
000000000000
000000000000
000000000000
000000000000
000000000000
0000000000000
0000000000000
0000000000000
0000000000000
0000000000000
0000000000000
0000000000000
0000000000000
1111111000000
0000000000000
0000000000000
0000000000000
11 0
4 1
6 6
2 3
3 9
11 3
7 4
2 8
12 9
7 7
1 7
1 11
5 7
6 1
6 2
12 12
1 6
9 8
8 10
9 4
2 4
2 9
0 6
10 1
12 5
5 11
3 7
10 11
9 11
10 0
1 0
12 1
2 11
3 12
7 0
2 6
9 3
5 6
0 2
7 3
7 1
8 4
3 0
6 4
4 10
5 9
7 6
10 9
8 1
11 7
12 0
4 3
3 10
4 12
12 4
3 3
5 1
11 11
11 8
2 7
11 9
4 5
7 10
4 4
12 2
8 6
5 4
2 5
7 9
6 9
9 12
12 6
6 10
5 2
4 11
10 2
3 2
9 6
2 12
7 11
0 10
4 8
7 12
1 1
2 0
6 7
5 12
9 7
3 11
3 1
10 3
12 10
9 5
1 3
0 4
8 8
3 5
8 2
4 6
8 5
9 10
11 2
0 12
1 5
11 5
8 0
6 0
1 10
4 9
6 8
0 0
3 4
11 6
1 8
1 12
2 10
10 4
2 2
6 12
12 8
4 7
0 7
10 10
11 12
0 1
7 5
5 3
10 8
3 8
5 5
2 1
9 0
6 11
0 11
9 1
5 0
1 2
10 5
12 11
6 3
1 9
8 12
9 9
8 11
9 2
5 8
4 2
11 4
4 0
0 9
11 10
7 8
8 7
10 6
5 10
7 2
1 4
10 12
12 7
8 3
0 5
0 8
3 6
