19 142 3916
000000000000000000
000010011000001000
000010011000001000
000010001000001000
000010001000001000
000010000000001010
000010000000001110
000010000000000110
000010000000000110
000000000000000110
000000000000010110
000000000000010110
100000000000010110
100000000000010110
100000000000010110
000000000000010110
000000000000000110
000000000000000110
000000000000000110
1111111111111111000
0000000000000000000
0000000000000000000
0000000000000000000
0000000000000000000
0000010000000000000
0000000000000000000
0000000000000000000
0000000000000000000
0000000000000000000
1111100000111100000
0000000000000000000
0000000000000000000
0111111110000000000
1111111000000000000
1111111111111100000
0000111111111111000
0000000000000000000
10 0
14 16
18 11
16 16
10 3
14 1
3 14
11 6
9 8
12 3
0 3
6 12
17 16
0 0
5 15
16 12
14 7
0 11
7 15
1 11
0 15
16 1
8 5
10 2
11 3
11 4
9 17
16 9
13 16
4 4
8 7
1 9
8 2
10 12
5 6
14 10
8 16
13 6
3 16
8 9
8 18
2 9
12 17
6 16
7 16
12 14
15 0
5 4
18 17
5 12
2 12
7 2
17 14
2 15
3 5
15 7
8 17
9 9
4 2
5 13
17 7
15 15
0 10
18 4
9 7
16 4
11 16
10 9
10 7
2 17
2 3
17 5
8 3
14 18
18 15
16 7
0 5
14 3
7 11
16 3
6 4
14 13
15 11
8 0
18 13
18 18
13 10
12 13
7 8
18 14
0 12
2 1
6 2
15 9
2 11
17 1
3 17
10 14
15 17
14 6
2 5
7 12
15 1
12 8
5 11
6 6
6 7
7 5
4 17
14 15
3 10
10 18
13 11
10 6
9 15
11 1
15 6
6 13
6 3
12 15
17 4
1 17
18 2
6 17
18 10
1 2
12 0
14 14
2 16
4 9
0 1
4 5
0 18
5 18
13 15
13 12
4 11
17 3
12 11
15 5
2 4
15 8
