17 260 8981
1001010001101000
1001010001101000
1001010001001010
1001000001000010
1001000001000110
1001000001000110
0001000001000110
0001000001000110
0000000001000111
0000000000000111
0000000000000111
0000000000000111
0000000000000111
0000000000000101
0000000000000000
0000000000000000
0000000000000000
00000000000000000
00000000000000011
00000000110000000
00000000000000000
00000000000000000
00000000000000000
00001111100000000
00000000000000000
10000000000000000
00000000000000000
11100000000000000
00000000000000000
00000000000000000
00000000001111111
00000000000000000
00000001111111111
4 14
10 12
1 11
12 5
3 1
4 9
13 0
8 11
2 10
2 0
5 2
16 10
0 10
6 0
10 16
3 3
15 3
13 2
14 8
5 1
1 9
5 16
9 3
8 4
0 7
10 9
12 10
2 13
9 13
14 12
9 9
8 12
1 4
12 7
3 0
6 5
2 2
4 8
11 2
16 5
14 1
0 16
10 8
14 14
13 13
10 11
3 16
15 15
5 6
1 8
8 3
7 4
2 3
10 3
4 10
14 15
5 4
0 12
1 6
15 10
1 14
6 11
14 5
8 15
5 8
9 10
12 0
6 2
15 8
8 2
14 10
5 7
11 14
7 8
4 7
9 5
11 4
2 1
3 9
12 12
7 15
7 2
7 0
7 7
12 9
0 11
4 6
6 3
16 2
0 5
11 7
12 13
13 5
14 11
14 0
4 4
3 12
10 4
9 14
2 15
9 8
15 2
3 10
7 6
14 2
15 6
8 14
13 8
13 1
3 5
6 7
13 3
10 14
10 0
13 4
12 1
5 3
12 3
4 12
9 7
14 16
2 11
12 2
1 16
12 4
12 8
1 0
1 5
8 1
0 1
4 11
16 14
2 5
5 15
0 4
5 11
16 8
11 13
7 12
4 1
16 3
1 1
11 10
2 4
6 8
2 7
8 5
3 13
11 8
8 9
6 10
16 13
9 0
7 16
0 2
8 0
1 12
11 15
13 15
1 2
0 6
3 11
0 3
12 14
16 0
10 13
7 3
16 16
6 4
7 13
11 6
2 12
10 2
6 16
14 3
4 0
15 14
16 9
9 2
11 0
10 5
10 6
4 3
6 15
12 11
0 14
8 10
8 8
4 5
9 15
10 1
13 10
9 12
13 12
16 1
5 12
8 6
10 15
5 13
5 14
16 6
13 9
14 9
2 16
11 16
15 9
15 11
6 6
8 16
15 4
4 15
13 6
11 1
5 10
2 9
0 0
7 9
0 15
15 5
1 7
7 14
3 6
6 13
7 5
16 12
0 13
6 12
10 7
13 7
4 16
1 3
0 9
15 16
12 16
6 14
3 7
15 13
7 11
3 2
3 14
15 7
15 12
9 6
16 4
14 4
5 9
1 10
4 2
12 15
9 4
15 1
9 16
16 7
11 11
4 13
11 3
14 13
14 7
1 13
16 15
