12 109 1383
01000000000
01000001010
01000001010
01000001110
01000001100
01000001100
01000001100
00000000100
00000000100
00000000100
00000001100
00000001100
011111001111
000000000000
000000000000
000000000000
000000000000
000000000000
000000000000
000000000000
000000000000
000000000000
000000000000
6 8
7 9
0 4
4 6
4 1
1 4
8 10
1 3
6 10
10 3
1 11
9 8
2 7
3 6
1 2
11 8
10 5
10 4
9 5
1 0
11 5
6 11
3 8
3 2
5 4
7 5
1 9
0 8
7 4
8 11
11 0
7 1
5 5
2 2
3 0
8 4
6 9
3 7
3 11
3 9
5 6
0 1
2 1
1 7
2 11
11 11
8 0
0 2
4 5
2 6
4 2
4 7
9 9
9 0
9 10
2 10
6 4
6 0
0 11
9 4
7 2
3 5
5 2
2 9
7 3
4 9
3 1
6 6
0 7
2 3
4 3
9 6
5 11
7 8
0 5
8 9
11 3
0 10
1 1
9 1
5 9
7 11
9 11
11 9
8 8
9 3
10 6
5 3
8 7
11 6
2 0
1 10
0 0
7 7
11 7
10 1
11 1
1 5
8 5
4 10
0 3
5 1
11 10
5 10
4 8
11 4
7 6
2 4
6 1
