12 85 1225
00000000000
00000000000
00000000000
00000000000
00000000000
00000000000
00000000000
00000000000
00000000000
00000000000
00000000000
00000000000
000000000000
000000000000
000000000000
000000000000
000000000000
000000000000
000000000000
000000000000
000000000000
000000000000
000000000000
10 9
9 6
11 9
1 6
8 0
4 2
7 3
5 8
10 1
5 11
3 4
7 1
5 0
10 4
7 8
6 7
4 1
2 5
8 5
7 11
10 11
6 10
3 5
2 4
1 5
10 10
2 0
3 3
6 9
9 0
0 10
3 2
9 4
6 2
3 1
6 8
2 1
2 3
11 5
1 11
9 5
1 10
4 6
2 9
7 10
1 9
8 6
3 6
4 9
9 8
7 4
11 7
10 7
0 11
3 10
4 4
1 7
11 0
11 2
9 1
5 1
6 11
10 5
3 7
5 10
0 6
0 0
4 3
2 10
8 4
0 8
1 4
11 6
8 8
0 3
5 2
3 9
0 2
6 6
7 6
7 9
9 3
8 7
3 0
1 3
