18 45 1181
00100000000100110
00100000000100110
00100100000100110
00100100000000110
00100100000000100
00100100000000100
00100100000000100
00100100000000100
00100100000000000
00100100000000000
00100100000000000
00100100000000000
00100100000000000
00000100010000000
00000100000000000
00000100000000000
00000100000000000
00000100000000000
000000000011000000
000000000000000000
000000000000000000
000000000000000000
000000000000000000
000000000000000000
000000000000000000
000011000000000000
000000000000000011
000000000000000000
000000000000000000
000000000000011111
000000000000000000
000000111111000000
000000000000000000
000000000000000000
000000000000000000
3 11
17 8
4 13
10 14
1 16
4 14
6 13
1 1
7 17
15 12
15 4
10 3
12 17
15 0
11 16
2 0
14 1
15 9
11 1
6 1
6 6
9 0
6 14
1 2
15 17
6 0
15 2
0 6
12 16
8 4
14 9
0 16
11 10
1 5
1 14
17 16
15 16
7 14
6 5
11 0
7 15
0 15
17 1
5 16
2 2
