15 62 828
00010000000000
00010000000000
00010000000000
00010001000000
00010001000000
00000001000000
00000001000000
00000001000000
01000001000000
01000001000000
01000001000000
01000001000000
01000001000000
01000001000000
01000001000000
000000000000000
000000000000000
000000000000000
000000000000000
000000000000000
000000000000000
000000000000000
000000000000000
000000000000000
000111110000000
000000000000000
000000000000000
000000000000000
000000000000000
1 2
2 3
4 4
11 12
10 9
13 8
4 10
10 5
14 2
7 13
0 2
8 10
4 13
4 9
7 11
2 11
7 14
5 10
13 11
9 14
10 11
4 6
1 11
2 12
8 13
1 1
2 10
6 11
7 4
14 6
6 6
9 13
13 12
12 7
2 4
10 2
0 6
1 4
10 0
10 12
11 11
6 4
8 4
2 6
12 9
6 14
1 6
11 7
4 3
13 2
8 2
0 3
8 1
13 7
12 1
7 2
6 9
13 9
0 14
6 7
9 12
7 6
