17 139 5555
0000000000000000
0000000000000100
0000000000000100
0000000000000000
0010000000000000
0010000000001000
0010000000001000
0010000000001000
0010000001001000
0010000001001100
0010000001001100
0010000001000100
0010000001000100
0010000001000100
0010100001000100
0010100001000100
0000100001001100
00000000111111111
00000000000000000
00000000000000000
01111111111111111
00000000000111111
00000000000000000
00000000000000000
00000000000000000
00000000000000000
00000000000000000
00000000000000000
00000000000000000
00000000000000000
00000000000000000
00000000000000000
00000000000000000
8 14
3 5
13 11
9 5
6 13
6 12
5 3
13 14
9 16
7 6
2 11
15 6
7 13
6 1
14 4
11 16
3 1
13 12
1 16
5 7
8 2
8 8
1 12
1 3
0 0
12 3
3 15
8 11
3 12
4 3
14 9
14 13
7 7
11 2
14 12
4 2
11 14
13 2
4 14
5 10
6 8
3 3
10 2
14 8
5 16
1 1
8 12
2 8
4 5
5 8
4 16
7 0
0 9
14 15
14 2
10 8
13 7
0 13
1 13
6 9
3 2
2 9
4 8
6 15
9 8
4 9
3 0
4 15
4 12
3 9
6 0
15 16
4 1
2 14
12 7
13 16
12 9
10 15
12 0
2 13
8 0
11 3
6 4
7 15
1 11
16 2
5 11
0 1
5 1
7 9
12 6
8 4
11 0
2 10
15 9
9 13
9 3
15 5
3 11
6 11
0 6
5 6
14 6
15 1
15 10
7 5
13 1
11 15
11 13
16 9
0 12
2 16
10 14
11 12
9 0
16 14
6 2
14 11
5 12
4 7
10 12
11 7
10 7
2 1
12 1
5 13
0 8
4 11
0 16
0 4
6 7
3 8
9 4
0 15
1 6
0 10
14 10
5 14
14 7
