17 83 2814
0000000000100001
0000000000100001
0000000000100001
0000000000100001
0000000000100001
0000000000100001
0000000001000001
0000000001000001
0000000001000001
0001000001000001
0001000000000001
0001000000000001
0001000000000000
0001000000000000
0001000000000000
0001000000000000
0001010000000000
00000000000000000
11111111110000000
00000000000000000
00000000000000000
00000000000000000
01111111111000110
00000000000000000
00000000000000000
00000000000111110
00000000000000000
11101111111110000
00001111111110000
00000000000000000
00001111111100000
00000000000000000
00000100000000000
16 3
11 0
13 10
4 13
9 15
6 15
12 4
5 5
16 14
10 0
4 3
6 12
0 3
10 16
13 3
11 7
8 5
8 9
2 15
1 7
8 15
11 2
6 16
15 10
5 6
5 12
6 0
16 12
10 11
12 1
2 12
12 9
5 1
1 0
16 4
2 2
6 6
0 5
11 5
16 11
1 1
4 9
2 1
11 9
12 15
11 12
6 4
5 7
13 7
2 3
5 14
3 12
1 12
8 14
3 15
2 9
10 13
8 16
2 16
16 9
1 5
5 4
4 16
11 8
0 6
9 14
11 13
14 1
4 6
10 4
3 8
8 4
10 14
9 7
12 0
16 7
13 2
4 4
15 13
9 11
4 10
10 3
3 5
