12 82 790
00000000000
00000000000
00000000000
00000000000
00000000000
00000000000
00000000000
00000000000
00000000000
00000000000
00000000000
00000000000
000000000000
000000000000
000000000000
000001111111
000000000000
000000000000
000000000011
000000000000
000000000000
000000000000
000000000000
9 9
5 9
10 5
2 5
4 3
4 6
8 11
8 9
6 2
4 8
9 0
5 10
3 6
6 5
11 2
6 6
3 1
1 3
6 11
5 8
7 3
8 0
10 3
0 0
6 3
5 1
5 3
10 7
11 5
7 6
7 9
3 5
5 11
2 9
2 3
1 9
0 11
7 7
6 1
9 1
1 7
11 4
6 10
2 1
1 4
2 7
2 2
9 7
4 2
5 2
4 7
10 10
11 1
6 0
3 7
3 2
8 4
4 9
7 8
2 6
11 3
1 8
10 9
5 6
11 7
0 1
5 7
7 10
1 11
4 0
9 8
4 4
4 1
0 5
10 8
5 0
1 5
7 5
9 3
3 10
6 8
9 6
