17 282 10177
0010001000000000
0010000000000000
0010000000000000
0010000000010000
0011001000010000
0011001000110000
0011001000110000
0011001000110000
0011001000111000
0001001000111000
0001001000111000
0001001000111000
0001001000111000
0001001000111000
0101001000101000
0011001000101000
0011001000101000
00000000000000000
11000000000000000
00000000001111111
00000000000000000
00001000000000000
00000000000000000
00000000000000000
00000000000000111
00000000000000000
00010000000000000
00000000000000000
00000000011000000
00000000000000000
00110000000000000
00000000000000000
00000000000000000
12 0
8 7
15 5
3 9
4 16
4 13
14 6
1 2
1 4
16 3
15 10
14 3
9 0
11 12
13 13
3 6
16 8
8 6
12 1
15 4
11 13
12 2
14 11
12 8
10 15
1 3
15 7
3 1
1 5
12 10
13 5
12 14
14 16
5 13
12 6
9 15
4 2
12 4
7 4
8 14
1 13
0 9
5 0
8 16
15 12
0 7
4 15
11 15
7 6
6 8
8 8
4 14
2 1
6 2
11 5
2 9
0 6
3 0
13 0
1 6
5 8
2 0
10 12
6 6
7 9
9 10
15 0
5 14
14 14
12 9
2 6
0 14
16 0
2 4
6 3
5 5
15 16
1 7
15 11
12 3
0 1
8 2
12 16
13 2
13 11
15 2
5 1
6 9
2 8
11 0
5 6
8 13
6 14
15 3
16 16
15 1
15 9
1 0
8 1
8 10
3 14
6 1
9 13
12 15
2 12
5 2
16 12
5 12
16 14
14 5
0 4
1 9
3 8
9 3
10 8
9 14
14 8
14 13
9 11
13 14
9 12
5 10
6 5
9 6
7 1
5 16
0 10
0 8
8 11
13 12
1 15
13 15
13 8
3 5
11 10
8 5
6 4
7 13
7 0
7 14
13 7
15 13
14 4
16 6
7 2
1 1
1 14
15 14
0 13
0 3
2 13
10 3
7 5
14 12
12 7
16 15
7 8
6 12
14 0
4 12
3 12
14 10
11 14
8 4
9 5
4 7
10 7
10 9
8 15
1 11
16 11
13 4
5 15
16 9
16 7
10 0
16 2
3 11
5 7
11 4
6 13
12 11
4 0
4 5
11 1
7 10
3 2
13 3
4 4
10 13
14 7
11 16
6 10
7 12
12 13
0 11
4 10
9 9
16 10
4 11
11 9
6 11
0 5
3 7
11 3
10 14
14 15
3 10
2 10
10 16
8 0
0 12
4 9
4 3
2 7
5 4
10 2
8 12
11 2
13 10
7 3
2 5
0 16
10 4
13 1
13 9
15 15
10 1
1 8
9 8
4 8
11 6
8 9
3 15
2 11
9 4
2 14
10 11
0 2
7 7
13 6
5 9
12 5
16 1
8 3
3 13
16 4
6 15
14 9
11 8
1 16
7 15
16 5
1 12
10 10
10 5
6 7
3 3
3 16
6 0
4 6
3 4
5 11
0 15
0 0
14 2
11 7
5 3
7 11
9 7
15 8
2 3
9 1
2 2
6 16
16 13
4 1
9 16
15 6
2 16
2 15
13 16
