13 111 3221
100000001000
100000001000
100000001000
000000001000
000000001000
000000001000
000010101000
000010101000
000010100000
100010000000
100010000000
100000000000
000000000000
0000000001000
0000000000000
0111111100000
0000000000000
0000000000000
0111111110000
0000000000000
0000000010000
1000000000000
0000000011111
0000000000000
0011111111111
12 8
6 3
4 4
10 5
9 7
3 5
11 6
1 0
7 10
3 2
6 7
2 10
1 2
7 11
5 10
2 4
7 0
6 5
8 2
0 6
10 0
11 7
0 9
5 8
11 4
4 5
2 7
9 10
12 4
9 8
4 1
4 7
3 0
6 2
10 12
5 6
0 11
0 12
11 2
12 3
0 5
8 5
8 0
5 2
12 5
0 4
0 1
3 6
12 12
8 6
6 4
0 8
11 12
5 1
2 9
2 0
12 9
11 0
0 10
1 12
12 10
9 12
3 4
8 4
2 8
4 6
10 2
6 9
11 3
7 12
1 11
11 11
12 11
5 5
6 10
5 7
1 7
10 3
4 11
5 3
9 1
4 0
11 5
1 6
7 9
9 11
9 0
6 0
9 5
2 12
3 3
11 9
3 9
2 1
8 11
3 7
1 4
5 11
11 10
2 11
12 6
7 1
0 0
12 7
1 5
4 3
3 11
3 8
7 5
1 10
7 7
