19 260 9351
010000000001000000
010000000001000000
010000000001000000
010000000001000010
010000000001000000
010000000001000000
010000000001000000
010000000001000000
010000000001000000
010000000001000101
000000000001000101
000000000001000101
000000000001000101
000000000001000101
000000000000000101
000000000000000101
000000000000000101
000010000000000101
000010000000000101
0000000000000000000
0000000000000000000
0000000000000000000
0000000000000111111
0000000000000000000
0000000000000000000
0000000000000000000
0000000000000000000
0000000000000000000
0000000000000000000
0011111111110000000
0000000000000000000
0000000000000000000
0000000000000000000
0000000000000000000
1111111111111100000
0000000000000000000
0000000000000000000
1 16
15 15
4 10
8 15
2 4
10 17
14 16
6 4
1 17
11 12
0 13
13 10
15 16
5 10
1 18
3 8
18 3
10 3
13 13
7 0
8 4
1 7
2 0
6 12
14 0
17 3
11 6
2 18
4 9
16 12
0 17
8 8
14 15
9 5
2 13
6 1
2 1
1 11
1 9
4 13
1 10
11 8
3 1
0 2
10 4
12 10
12 18
12 0
6 3
11 11
8 6
0 6
18 0
1 14
9 15
2 14
17 12
17 17
4 7
15 5
5 8
17 10
8 18
11 9
0 11
3 7
3 18
10 15
5 2
2 8
18 11
14 1
16 2
2 6
13 4
13 3
12 8
10 2
4 4
5 0
13 16
3 12
3 4
12 5
11 10
0 15
9 10
2 9
17 13
7 7
2 12
18 6
0 0
9 6
10 11
13 6
6 17
12 13
14 8
14 3
10 7
1 0
0 5
0 14
3 5
6 15
7 16
13 1
12 14
0 12
6 11
18 14
16 9
15 0
15 8
10 12
9 9
6 7
10 8
5 7
4 6
18 5
9 2
10 5
16 4
2 17
4 18
1 12
7 8
9 7
3 15
11 4
7 6
13 9
15 11
16 18
1 4
2 15
7 14
15 2
18 16
2 7
14 17
13 7
11 3
16 10
7 10
12 11
5 4
3 14
2 11
0 4
10 14
5 14
7 2
13 14
7 12
16 7
4 12
3 17
4 15
7 13
4 11
7 15
10 16
13 15
11 2
15 18
3 3
13 12
18 10
17 2
16 8
5 9
14 10
3 13
9 1
4 16
8 0
9 18
6 10
15 12
9 8
8 13
18 8
7 3
17 18
15 17
18 9
12 12
1 2
3 11
7 9
8 12
11 7
15 1
14 11
15 7
4 1
10 0
15 4
11 14
13 8
8 10
1 8
9 0
17 4
14 13
11 15
5 13
8 3
11 13
17 0
5 6
6 6
0 1
5 12
15 10
18 1
13 17
11 1
13 2
6 16
1 15
5 17
8 11
0 18
17 6
12 7
1 5
16 6
10 1
15 14
3 2
10 6
0 7
5 18
17 14
17 15
18 18
6 18
11 18
6 9
11 17
16 17
8 5
8 17
3 9
16 15
14 5
18 15
2 3
12 16
10 13
1 6
12 4
15 9
3 0
18 7
14 9
