10 85 1801
010000000
010000000
010000000
010000000
010000000
010000000
010000000
010001000
000000000
000000000
0000000000
0000111111
0000000000
0000000000
0011111100
0000000000
0000000000
0011111100
0111111111
1 9
9 9
6 5
2 0
4 0
3 8
0 9
9 4
9 5
8 2
6 6
4 9
4 3
4 7
2 2
5 0
9 7
8 9
0 4
3 6
4 6
8 1
7 7
2 3
8 7
8 4
7 6
0 0
4 1
5 7
3 2
3 0
6 2
9 1
1 0
7 3
5 2
6 1
4 2
5 8
6 4
8 3
2 5
6 3
7 0
3 9
0 6
6 0
2 8
5 5
1 8
6 7
9 2
3 4
0 1
0 2
8 5
5 1
7 8
6 9
9 0
3 3
8 0
2 1
0 3
0 5
3 7
1 7
1 5
7 1
9 6
5 6
1 6
2 6
3 1
8 6
1 3
9 3
4 5
0 7
8 8
5 9
5 3
2 9
5 4
