15 83 788
00000000010000
00000000010000
00000000000000
00000000000000
00000000000000
00000000000000
00000000000000
00000000000000
00000000000000
00000000000000
00000000000000
00000000000000
00000000000000
00000000000000
00000000000000
000000000000000
000000000000000
000000000000000
000000000000000
000000000000000
000000000000000
000000000000000
000000000000000
000000000000000
000000000000000
000000000000000
000000000000000
000000000000011
000000000000000
4 2
9 11
10 14
14 11
13 2
9 8
3 10
1 2
5 1
11 13
10 7
0 4
3 7
12 9
8 12
7 1
8 2
4 13
0 8
4 14
13 10
14 5
2 7
12 2
0 13
0 12
0 14
3 13
6 5
12 3
4 0
10 3
4 12
7 11
2 1
2 10
13 8
4 11
8 9
8 4
8 10
9 14
9 9
7 3
8 13
14 7
2 11
6 12
12 12
2 4
7 5
5 10
6 2
12 14
9 1
5 5
12 0
13 3
0 3
2 3
14 3
7 6
1 7
3 0
8 3
2 14
10 0
11 0
6 7
1 4
3 3
2 6
4 1
3 2
11 4
8 0
11 14
14 1
10 5
4 8
4 4
1 5
1 1
