17 100 1085
0000000000000000
0000000000000000
0000000000000000
0000000000000000
0000000000000000
0000000000000000
0000000000000000
0000000000000000
0000000000000000
0000000000000000
0000000000000000
0000000000000000
0000000000000000
0000000000000000
0000000000000000
0000000000000000
0000000000000000
00000000000000000
00000000000000000
00000000000000000
00000000000000000
00000000000000000
00000000000000000
00000000000000000
00000000000000000
00000000000000000
00000000000000000
00000000000000000
00000000000000000
00000000000000000
00000000000000000
00000000000000000
00000000000000000
9 15
0 15
13 12
10 5
11 8
2 14
4 15
4 7
16 5
7 14
2 15
16 11
3 9
8 12
11 0
9 0
14 7
10 13
1 11
9 5
2 2
8 5
8 11
6 0
6 5
8 10
10 10
5 6
10 12
8 16
1 13
13 10
8 14
3 4
7 4
7 15
0 14
16 9
9 11
15 15
16 6
13 0
10 1
3 2
10 9
16 8
7 6
16 16
9 13
6 16
13 1
14 14
12 8
6 3
12 14
6 14
8 8
14 6
5 16
11 11
12 7
12 11
6 6
12 16
1 8
14 11
13 5
1 7
0 9
7 13
9 2
14 1
16 15
13 7
4 5
4 0
3 11
16 3
12 2
8 1
9 8
7 2
13 14
8 2
11 1
7 7
1 14
5 9
0 7
16 13
10 7
8 15
7 5
0 4
16 4
7 11
1 3
15 0
5 3
3 16
