13 60 1821
000000001000
000000100000
000000100000
000000100000
000000110000
000000111000
000000111000
000000111000
000000111000
000000111000
000000111000
000000111000
000000111000
0000000000000
0000000000000
0000000000000
0111111000011
0000000000000
0000000000000
0000000000111
0000000000000
0000000000000
0000000000000
1111000000000
0000000000000
4 1
3 6
7 6
8 10
12 9
1 11
8 3
4 11
11 1
8 11
5 10
1 5
9 0
6 9
10 5
6 11
7 11
8 7
3 10
3 0
11 12
6 4
2 6
5 5
0 4
5 3
3 7
10 9
9 9
6 7
10 6
11 9
11 5
8 4
12 0
5 1
12 1
6 6
5 8
10 1
2 10
7 7
11 2
5 4
8 2
6 2
1 8
9 3
7 3
9 8
11 3
9 7
12 11
0 1
11 10
9 11
11 7
1 12
10 0
3 8
