19 38 751
010100000000000000
010100000000000000
010100000000000000
110100000000000000
110101100000000000
110101100000000000
100101100000000000
100101100000000000
100100100000010000
100100100000010000
100100100000010000
100000100000010000
100000100010010000
100000000010010000
100000000010000000
000100000000000000
000000000000001000
000000000000001000
000000000000001000
0000111111100000000
0000000000000000000
0000000000000000000
0000111110000000000
0000000000000011111
0000000000000000000
0000000000000000000
0000000000001111111
0000000000000000000
0000000000000000000
0000000000000000000
0000000000000000000
0000000000000000000
0000000000000000000
1111111111110000000
0000000000000000000
0000000000000000000
0000000000000000000
15 3
0 10
9 9
14 14
13 9
6 2
16 1
0 9
0 6
1 8
7 7
8 18
7 16
0 0
18 8
11 14
5 13
17 13
8 8
18 9
18 18
4 17
16 9
8 3
15 9
7 0
4 18
1 17
11 1
9 0
14 2
10 17
6 17
5 11
3 8
0 8
13 15
3 13
