20 92 1956
0000001000001000000
0000001000001000000
0000001000001000000
0000001000001000000
0000001000000000000
0000001000000000000
0000001000000000000
0000001000000000000
0000001000000000000
0000001000000000000
0100001000000000000
0100000000000000000
0100000000000000000
0100001000000000000
0100001000000000000
0100001000000000000
0100001000000000000
0100001000000000000
0100001000000000000
0100001000000000000
00000000000000000000
00000000000000000000
00000000000000000000
00000000000000000000
00000000000000000000
00000000000000000000
00000000000000000000
00000000000000000000
00000000000000000000
00000000000000000000
00000000000000000000
00111100000000000000
00000000000000000000
00000000000000000000
00000000000000000000
00000000000000000000
00000000000000000000
00000001110000000000
00000000000000000000
2 13
19 2
5 10
0 9
8 4
8 10
11 5
4 2
3 18
8 7
5 3
12 14
7 3
18 0
2 19
0 19
14 3
12 19
17 18
4 19
17 5
0 10
17 1
18 19
10 7
6 7
16 9
12 2
9 1
4 0
3 4
2 2
17 8
0 7
17 11
14 8
6 18
11 6
15 2
18 3
19 18
6 13
17 16
5 18
6 12
1 17
16 11
12 16
13 15
17 13
10 1
16 2
8 2
14 2
19 13
13 12
0 17
11 14
9 5
2 5
4 14
19 7
6 19
17 0
10 19
12 5
9 18
10 15
10 6
2 6
7 19
8 18
3 6
13 0
2 4
6 10
10 18
14 14
18 5
10 12
19 0
16 12
16 10
13 14
8 1
14 0
12 17
19 12
6 6
6 15
9 9
15 4
