14 64 1076
0000000000000
0000000000000
0000000000000
0000000000000
0000000000000
0000000000000
0000000000000
0000000000000
0000000010000
0000000010000
0000000010000
0000000010000
0000000010000
0000000010000
00000000000000
00000000000000
00000000000000
11111110000000
00000000000000
00000000000000
00000000000000
00000000000000
00000000000000
00000000000000
00000000000000
00000000000000
00000000000000
5 9
9 2
1 8
4 6
3 3
6 7
10 5
13 7
7 6
1 9
13 5
13 4
6 0
1 5
2 3
12 6
4 10
4 1
7 0
5 1
10 4
2 0
9 7
13 10
6 12
11 1
1 6
12 3
7 11
11 13
1 12
3 12
13 0
12 8
8 6
9 5
8 7
5 2
3 5
11 8
3 6
8 4
3 0
12 10
10 8
4 0
8 0
2 1
5 12
2 10
10 0
2 4
0 4
10 2
7 3
2 9
12 11
6 10
8 10
9 6
9 4
12 5
5 10
11 12
