13 129 1861
000000000000
000001100000
000001100000
000001100000
000001100000
000000100000
010000100000
010000100000
010000110000
010000110000
010000010000
000100010000
000100010000
0001111111111
0000000000000
0000000000111
0000000000000
0000000000000
1110000000000
0000000000000
0000000000000
0000000000000
0000011000000
0000000000111
0000000000000
10 10
9 12
0 8
11 2
6 11
1 3
8 7
12 6
11 7
11 9
5 8
7 3
9 6
2 3
1 4
3 7
8 8
3 4
8 5
0 6
3 5
2 0
7 2
10 0
11 11
7 8
1 9
10 2
6 4
9 10
2 12
4 4
9 7
0 4
10 3
8 11
1 10
4 0
12 12
8 4
7 9
10 12
6 5
8 2
12 3
9 1
1 6
5 7
4 6
12 2
3 1
3 8
8 12
7 7
11 3
12 8
0 2
8 6
4 3
12 10
0 11
5 1
11 5
8 10
5 2
0 9
1 0
11 10
7 4
1 1
2 6
9 11
3 0
3 10
10 9
10 1
12 9
3 9
1 12
4 9
10 4
10 5
9 8
1 2
4 7
8 3
1 11
0 12
2 2
0 0
6 12
0 7
10 11
4 8
9 5
5 9
11 0
8 0
7 0
8 9
2 8
9 9
4 10
10 7
2 7
9 4
11 4
6 10
1 8
3 6
10 8
6 9
5 5
7 1
5 11
7 12
12 1
4 12
4 1
12 5
6 1
12 11
3 12
5 3
7 10
1 7
5 12
2 10
2 11
