15 21 386
00000000000000
00000000000100
00000000000000
00000000000000
00000000000000
00000000000000
00000000000000
00000000000000
00000000000000
00000000000000
00000000000000
00000000000000
00000000000000
00000101000001
00000101100001
111111111111100
100000000000000
000000000000000
000000000000000
000000000000000
000000000000000
000000000000000
111111111100000
000000000000000
000000001111111
000000111111111
000000000000000
000000000000000
000000000000000
11 7
7 1
7 8
5 7
5 12
9 0
9 6
2 5
9 10
6 10
2 10
5 4
5 9
1 5
12 3
0 10
5 3
4 10
0 14
4 6
2 14
