20 103 3740
0000000000000010100
0000000000000010100
0010000000000010100
0010000000000010100
0010000000000010100
0010000000000010100
0010000000000010100
0010000000000010100
0010000000000010100
0010000000000010100
0010000000000010100
0010000011000010100
0010000011000010100
0010000011000000100
0010000000000001100
0010000000010001000
0010000000010000000
0010000000000000001
0010000000000000001
0010000000000000000
00000000000000000000
00000000000000000000
00000001111111100000
00000000000000000000
00010000000000000000
00000000000000000000
00000000000000000000
00000000000000000000
00000000000000000000
00000000000000000000
00000000000000000000
00000000000000100000
00000000000000000000
00000000111111111000
00000000001111110000
00000000000000000000
00000000000000011111
00000000000000000110
00000000000000000000
17 18
9 10
16 8
11 10
18 18
12 15
9 4
3 5
1 2
11 15
11 5
10 8
1 17
10 15
18 2
13 18
13 13
1 11
5 10
0 5
15 16
9 18
15 6
15 4
16 16
17 6
6 11
2 1
17 4
10 1
14 17
15 5
9 3
17 7
14 3
15 3
4 5
12 8
4 4
8 4
15 1
11 1
11 9
6 13
13 0
14 12
9 14
3 19
8 19
6 1
2 7
19 10
8 16
0 19
7 3
6 4
12 9
9 13
3 8
8 18
18 19
16 3
3 11
7 14
3 6
17 17
5 0
15 9
19 17
10 7
19 2
15 15
7 11
16 5
5 4
7 6
6 7
4 1
13 5
0 15
11 19
18 12
10 6
10 13
18 11
4 13
12 13
18 6
13 11
0 12
18 8
2 13
13 12
14 18
6 8
13 9
17 11
19 3
7 10
16 12
12 12
5 7
4 6
