15 111 1928
00000000000000
00000000000000
00000000000000
00000000000000
00000000000000
00000000000000
00010000000000
00010000000000
00010000000000
00010000000000
00010000000000
00010000000000
00010000000000
00010000000000
00010000000000
000000000000011
000000000000000
000000000000000
000000000000000
000000000001111
000000000000000
000000000000000
000000000000000
000000000000000
000000000000111
000000000000000
000000000000000
000000000000000
000000000000000
3 12
10 3
9 7
7 3
0 14
11 14
12 5
2 11
1 12
4 2
4 1
12 13
11 10
13 4
4 4
0 5
1 0
2 14
14 0
14 5
14 9
14 6
5 4
2 9
6 4
10 7
13 6
1 6
4 0
10 12
6 6
4 11
4 14
9 4
2 2
8 9
5 0
4 6
9 5
8 13
6 9
7 7
4 7
0 2
12 4
9 11
5 6
13 11
6 0
6 11
13 10
12 6
5 14
2 3
12 3
10 5
0 6
10 9
14 10
3 6
8 11
7 9
10 11
13 13
12 7
1 3
14 4
11 3
0 1
2 6
11 13
1 5
11 2
0 7
9 1
9 14
8 4
5 5
10 6
0 10
5 7
2 7
3 3
8 10
4 10
3 11
8 2
7 13
13 7
3 14
5 12
10 14
13 5
11 11
10 1
8 6
1 8
2 4
5 9
6 5
7 11
9 8
0 9
13 1
13 3
7 5
0 3
12 12
13 12
7 1
2 8
