16 53 1397
000010001010000
000010001010000
000010000010000
000010000010000
000010000010000
000010000010000
000010000010000
010010000010001
000010000010001
000010000000001
000010000000000
000010000000000
000010000000000
000011000000000
000011000000000
000001000000000
0000000000000000
0000000000000000
0000000000001111
0000011110000000
0000000000000000
1100000000000000
1110000000000000
0000000000000000
0000000000000000
0000000001111111
0000000000000000
0000010000000011
0000000000000000
0000000000000000
0000000000000000
5 14
10 8
8 14
12 15
6 11
8 13
4 14
8 4
14 3
2 3
4 3
5 3
13 10
9 6
6 14
4 12
14 9
10 15
12 7
0 7
15 8
11 2
1 15
10 1
3 8
15 9
9 12
15 4
14 5
12 8
3 12
6 5
7 2
4 8
6 15
8 8
7 10
1 3
8 9
12 6
11 13
2 12
1 12
3 14
8 3
13 7
9 13
2 6
7 1
8 0
15 12
10 4
0 12
