20 281 9233
1010000101000100000
1010000101000100000
1010000101000100000
1011000101000000000
1011000100000000000
1011000100000000000
1011000100000000000
1011000100000000000
1011000000000000001
1011000001000000001
1011000001000000000
1011000001000000000
1011000001000000000
0011000001000100000
0011000001000100000
0011000001000100000
0011000001000100000
0010000001000100000
0010000101000000000
0000000101000000000
00000000000000000000
00000001000000000000
00001111000000000000
00000000000000000000
00000000000000000000
00000000000000000000
00000000000000000000
00000000111111111001
00000000001111111100
00000000000000000000
00000000000000000000
00000000000000000000
00000000000001111111
00000000000000000000
00000000000000000000
00000000000000000000
00000000000000000000
00000000000000000000
00000000000000000000
0 2
9 4
11 5
15 9
3 14
9 15
4 15
3 1
1 5
2 17
2 6
2 2
13 4
3 7
7 0
19 18
13 5
7 7
18 9
0 15
17 12
12 7
19 7
9 5
13 1
8 0
1 3
15 14
13 14
5 12
12 17
10 5
0 12
15 13
7 10
19 0
0 1
16 7
0 17
18 4
6 7
6 15
16 2
11 11
14 13
16 14
17 17
6 3
16 12
15 6
11 8
18 17
18 19
9 12
2 16
0 10
9 19
8 19
15 8
6 19
19 15
15 4
13 15
8 16
16 18
9 8
6 5
3 16
11 19
13 19
0 5
4 12
16 0
5 11
1 14
16 16
12 1
5 19
1 4
19 13
6 16
17 10
6 4
13 9
1 6
5 9
0 8
14 19
5 14
12 11
7 4
19 8
14 14
18 8
2 13
0 18
18 7
9 6
1 18
5 10
5 15
5 18
0 16
16 3
11 18
13 17
3 19
6 2
2 19
8 7
4 7
7 12
3 6
19 16
8 12
2 8
18 0
13 8
11 15
1 13
18 10
7 18
1 17
13 10
11 0
7 15
4 1
1 15
11 12
10 12
16 4
1 11
19 10
7 6
17 14
17 6
3 3
5 13
5 1
14 16
0 7
6 6
17 15
13 7
15 17
18 2
10 19
13 16
8 11
16 15
15 12
10 0
5 6
2 15
10 7
10 8
3 5
6 1
4 8
8 13
12 0
14 5
11 7
10 14
0 4
19 11
0 9
16 13
10 17
12 4
9 14
10 4
15 1
7 14
4 2
10 16
13 0
15 5
6 11
14 12
17 0
4 3
12 13
6 13
14 9
18 6
1 9
19 17
13 13
12 19
11 3
10 18
9 2
11 13
3 18
17 1
11 14
6 10
1 2
7 9
18 5
7 11
18 16
6 8
6 14
8 18
19 3
15 16
12 6
16 8
5 8
7 19
4 14
7 2
19 12
16 1
18 1
5 17
3 12
12 8
15 11
10 15
18 15
2 11
0 11
18 12
12 12
2 9
10 9
8 1
18 14
9 3
2 12
9 10
15 2
7 5
12 9
4 6
14 0
17 13
9 18
18 11
19 19
13 12
1 10
5 7
8 8
3 0
18 3
7 8
19 5
3 11
9 7
11 6
13 18
19 2
2 7
2 4
1 1
8 10
9 16
14 11
12 2
14 4
15 10
9 0
12 15
15 0
3 10
6 9
8 6
0 3
14 2
7 16
14 18
19 9
0 6
11 10
18 18
9 11
8 14
