13 149 3924
100000000000
100000000000
100000010000
100010010000
100010010000
100010010010
100010010010
000010010010
000010010010
000010010010
000010010010
000010010010
000010010000
0111111110000
0000000011000
0000000000000
0000000111110
0000000001111
0000000000000
0000000000000
0000000000000
0000001100000
0000000000000
0000000000000
0000000000000
1 8
6 5
5 11
1 4
12 4
3 9
3 6
5 10
5 6
6 8
7 5
6 0
12 10
2 1
11 12
2 8
4 10
0 9
6 10
4 0
11 8
1 9
9 7
0 10
3 0
9 4
9 12
6 11
8 4
7 3
6 2
8 10
4 2
5 5
7 0
2 3
9 11
11 11
2 0
10 11
5 0
12 7
11 3
11 5
7 1
5 3
6 9
0 3
12 11
12 8
8 5
8 3
12 3
10 6
4 7
9 0
2 5
7 8
1 10
8 6
6 4
7 2
4 3
9 9
11 6
4 5
3 10
0 8
4 8
0 0
2 4
5 2
8 0
4 1
5 4
12 0
8 2
2 11
4 11
5 8
1 5
1 12
12 9
11 10
9 2
3 4
7 11
0 5
0 1
3 1
12 1
1 7
0 6
8 1
10 8
12 2
11 0
7 4
8 12
7 10
6 7
8 8
3 8
3 12
9 1
4 6
8 7
3 2
7 6
9 6
10 5
3 7
4 4
9 3
11 4
10 9
12 12
10 0
8 11
3 3
2 6
10 3
7 9
5 12
2 9
8 9
1 3
2 10
11 1
1 11
2 2
10 4
6 1
10 1
11 2
4 9
1 6
1 0
12 6
2 12
1 1
5 1
11 9
6 3
0 7
3 5
10 12
10 2
9 8
