20 95 2107
0000010000000000110
0000010000000000110
0000010000000000010
0000010000000000010
0000010000000000010
0000010000000000010
0000010000000000010
0000010000000000010
0000010000000000010
0000011000000000000
0000001000000000000
0000001000000000000
0000000000000000000
0000000000000000000
0000000000000000000
0000000000000000000
0000000000000000000
0000000000000000000
0000000000000000000
0000000000000000000
00000000000000000000
00000000000000000000
00000000000000000000
00000000000000000000
10000000000000000000
00000011111111000000
00000000000000001100
00000000000000111100
00000000000000000000
00000000000000000000
00000000000000000000
11111111111000000000
00000000000000000000
10000000000000000000
10000000000000000000
00000000000000000000
00000000000000000000
00000000000000000000
00000111111111111111
15 7
17 16
8 8
8 1
18 19
7 18
14 19
1 18
5 16
1 7
6 16
0 4
3 9
11 17
3 15
17 13
12 6
3 8
13 3
12 2
0 17
14 16
1 6
8 13
18 11
7 16
3 4
6 3
9 10
19 8
8 4
6 10
10 1
1 13
2 2
13 12
17 10
8 10
7 11
4 7
4 8
18 10
14 17
4 3
15 1
12 14
19 1
14 8
18 6
8 9
5 10
10 12
11 3
12 1
5 5
3 7
16 10
4 1
7 1
6 4
17 1
12 8
14 14
18 3
5 6
5 15
8 5
3 6
4 15
6 7
6 0
2 0
19 4
12 13
16 13
4 17
13 1
8 17
10 10
1 14
5 0
14 0
0 15
16 6
14 4
6 1
7 5
19 9
10 4
13 19
5 9
14 9
4 10
6 2
4 6
