17 95 3477
0000010000000110
0000010000000110
0000010000000110
0000010100000110
0000010100000110
0000010100000110
0000010100000100
0000010100000100
0000010101000100
0000010101000100
0000010101000000
0000110101000000
0000110100000000
0000110100000000
0000110000000000
0000100000000000
0000100000000000
00000000000000000
00000000000000000
00000000000000000
00000000000000000
00000000000000000
00000100000000000
00000000000000000
00000000001111000
00011100000000000
00000000000000000
00000000000000000
00000000000000000
00000000000000000
00011000111111111
00000011111111000
00000000000000000
16 0
0 9
3 2
12 13
16 8
11 6
2 2
14 3
10 2
14 7
3 14
5 8
3 7
14 0
3 8
7 8
11 13
1 5
11 11
1 3
13 5
15 1
9 11
0 6
3 3
10 3
5 2
10 11
2 12
7 13
1 14
5 12
12 15
8 2
14 2
7 12
8 14
7 9
1 12
2 4
9 14
2 8
6 14
2 10
2 15
15 0
14 12
1 4
1 1
11 3
3 11
13 11
16 1
13 1
12 7
6 2
8 13
11 16
7 3
1 11
12 3
10 8
15 16
6 11
9 16
2 0
14 9
1 13
16 6
7 2
6 7
4 5
4 15
8 7
2 6
14 14
1 2
13 12
8 5
9 15
10 4
0 1
4 10
15 10
6 4
4 7
10 9
3 13
8 12
13 8
9 6
3 12
4 16
5 0
16 15
