17 77 1620
0000000000000000
0000000000000000
0000000000000000
0000000000000000
0010001000000000
0010001000000000
0010001000000000
0010001000000000
0010001000000000
0010001000000000
0010001001000000
0010001001000000
0010001001000100
0000001001000100
0000001001000100
0000001001000000
0000001001000000
00000000000000000
00000000000000000
11111110000000000
00011110000000000
00000000111111111
00000000000000000
00000000000000000
00000000000000000
00000000000000000
00000000000000000
00000000000000000
00000000001100000
00000000000000000
00000000000000000
00000000000011111
00000110000000000
10 13
13 1
10 8
1 13
10 15
2 12
10 11
12 13
11 3
16 5
15 0
8 0
10 0
0 13
3 12
11 2
14 5
0 7
2 1
5 16
11 15
1 1
2 10
13 2
1 3
14 2
2 16
16 6
12 8
13 9
3 13
9 11
14 12
5 5
14 3
3 3
1 12
15 7
8 5
1 4
4 4
13 13
15 2
14 9
11 5
7 10
11 6
16 2
16 3
10 5
9 0
2 9
6 9
14 7
1 6
8 6
3 16
4 13
5 3
11 0
1 11
9 14
6 6
5 8
13 16
2 0
16 7
15 3
7 11
7 3
10 9
9 4
6 8
9 7
16 9
0 8
2 13
