20 249 8588
1000001011011000000
1000001011011000000
1000001011011000000
1000001011011000000
0000001011011000000
0000001011011000000
0000001011011000000
0100001011011000000
0100001011010000000
0100001011010000000
0100000011010000000
0100000011010000000
0100000010010000000
0100000010010000000
0100000000010000000
0100000000010000000
0100000001010000000
0100000001000000000
0100000001000000000
0100000001000000000
00000000000000000000
00000000000000000000
00000000000000000000
00000000000000000000
00000000000000000000
00000000000000000000
00000000000000000000
00000000000000000000
00000000000000000000
00000000000000000000
00000000000000111111
00000000000000000000
00000000000000000001
00000000000000000000
00000000000000000000
00000000000000000000
00100000000000000000
00111000000000000000
00000000000000000000
19 15
14 9
2 17
17 3
1 0
13 7
18 11
14 8
16 2
4 4
12 15
0 12
8 11
0 17
2 5
15 6
18 14
7 15
19 6
8 17
10 4
10 5
3 13
14 17
2 11
0 14
0 10
11 2
10 10
2 2
6 12
18 6
17 17
1 11
11 1
4 12
9 3
13 6
9 0
14 3
16 15
14 6
7 5
17 2
14 0
5 11
14 18
8 2
5 12
13 11
7 7
3 1
14 2
17 6
19 19
2 8
15 13
2 3
17 19
17 14
14 15
4 11
8 6
5 3
18 16
18 7
14 1
7 17
5 13
9 5
19 13
8 15
4 8
9 7
11 0
16 5
18 13
2 14
19 14
1 19
5 19
10 6
18 2
11 16
13 8
19 9
15 0
11 11
7 8
5 8
17 12
15 5
15 14
17 0
7 11
16 7
8 18
9 15
1 18
10 7
7 19
14 4
3 15
18 8
15 4
12 16
1 1
4 13
8 9
16 14
0 15
15 18
5 15
19 2
19 8
10 13
7 16
6 2
6 19
11 17
0 8
9 17
9 16
12 13
6 10
17 7
9 8
6 6
4 10
0 9
15 9
16 9
15 11
11 4
19 7
15 17
14 5
14 16
6 3
2 1
10 12
16 12
10 19
17 11
12 7
13 19
12 14
19 16
6 4
4 1
7 14
17 13
9 2
16 1
3 2
18 5
11 6
16 3
12 8
19 3
2 16
1 7
16 6
13 1
0 3
6 14
12 6
12 0
17 8
3 7
15 10
13 0
6 5
5 2
6 11
17 18
16 4
19 17
9 14
18 10
7 13
18 1
12 12
11 7
11 14
11 13
14 12
7 1
3 14
12 4
8 13
18 3
19 5
12 17
8 10
6 15
4 19
10 1
14 13
6 9
5 4
19 0
7 6
2 10
10 15
5 6
5 1
3 9
13 5
14 11
4 9
19 18
6 0
4 2
1 5
5 9
5 18
6 13
12 11
19 10
8 7
16 19
3 18
18 9
6 8
10 0
3 12
6 1
12 10
3 6
3 19
9 4
15 8
7 10
10 2
8 3
16 11
2 18
1 13
8 14
19 12
13 3
18 19
1 8
8 8
3 8
5 0
10 8
18 15
