18 137 3846
00000000000000000
00000000000000000
00000000000001000
00000000000001000
00000000000001000
00000000000001000
00000000000001000
00000000000001000
00000000000001000
00000000000001000
00000000000001000
00000000000001000
00000000000001000
00000000000001000
00000000000001000
00000000000001000
00000000000001000
00000000000001000
000000000000000000
000000000000000000
000000000000000000
000000000000000000
000000000000000000
000000000000000000
000000000000000000
000000000000000000
000000000000000000
000000000000000000
000000000000000000
000000000000000000
000000000000000000
000000000000000000
000000000000000000
000000000000000000
000000000000000000
15 9
7 5
13 3
14 12
11 6
4 7
12 4
1 2
16 7
7 11
11 2
7 9
2 8
6 8
12 2
5 5
3 9
13 9
9 11
9 14
10 16
8 4
12 6
1 14
9 12
8 9
2 16
15 15
12 3
12 15
10 0
16 3
2 9
10 10
14 14
14 0
10 15
12 8
13 11
1 17
10 7
15 1
10 3
0 15
13 5
14 13
0 16
15 16
4 9
3 7
9 15
17 15
10 1
15 0
1 10
17 2
6 11
0 5
8 11
3 13
1 3
8 2
14 6
10 8
2 1
15 17
7 15
6 13
7 4
11 9
5 12
6 6
14 1
13 15
4 16
2 17
7 14
6 9
3 6
13 10
12 17
0 4
1 0
8 5
4 14
14 9
13 13
3 15
4 10
4 5
8 0
3 11
9 1
6 12
0 2
7 0
7 13
17 9
15 13
8 16
13 14
13 2
12 14
16 9
4 17
1 8
9 3
16 15
7 17
1 9
12 0
12 13
9 13
17 6
8 6
14 5
3 16
10 5
9 0
8 1
16 14
16 12
6 4
8 13
5 10
5 0
5 13
5 6
2 7
4 6
3 8
17 1
17 10
13 8
11 4
16 1
7 3
