11 71 1075
0000000011
0000000111
0000000111
0000011111
0000001111
0000001111
1000001110
1000001100
1000001100
1000001100
1000001100
00000000000
11000001000
01111110000
00000000000
00000000000
00000000000
00000000000
00000000000
00000000000
00000000000
6 10
1 5
8 5
6 5
2 2
8 2
0 0
8 8
10 5
1 3
6 0
7 2
1 0
2 3
0 8
1 9
10 4
10 7
2 4
6 6
5 2
2 0
1 8
6 1
1 6
2 5
9 6
6 4
8 1
9 0
1 1
5 1
4 3
3 6
8 6
4 5
9 7
9 3
8 7
0 1
4 9
3 9
10 3
6 3
1 4
0 2
3 1
5 3
5 5
3 8
5 7
5 10
8 0
6 8
4 1
0 9
4 4
7 6
0 5
4 7
7 9
5 9
7 5
0 10
3 10
3 7
2 7
7 0
8 10
8 3
1 2
