14 187 2829
0000000100000
0000000100000
0000000100000
0000000100000
0000000100000
0000000100000
0000000100000
0000000100000
0000000100000
0000000100000
0000000000001
0000000000001
0000000000001
0000000000001
00000000000000
00000000000000
00000000000000
00000000000000
00000000000000
00000000000000
00000000000000
00000000000000
00000000000000
00000000000000
00000000000000
00000000000000
00000000000000
2 6
8 2
0 2
1 12
7 11
1 9
5 13
4 6
2 0
7 5
5 5
13 0
7 13
3 5
5 0
0 1
9 10
8 1
3 8
5 4
7 2
4 13
7 0
6 6
7 8
0 13
1 6
13 8
0 11
5 8
5 10
4 5
3 10
10 10
3 7
10 1
10 3
1 8
12 7
1 10
4 7
13 4
9 8
1 4
6 8
5 12
12 10
10 5
0 3
8 8
0 6
9 13
8 10
3 6
7 7
8 13
1 0
13 6
12 5
10 9
10 11
4 0
13 5
6 3
13 12
5 7
11 7
12 0
10 4
11 0
6 0
11 3
9 11
4 11
3 4
8 9
5 3
12 2
12 3
13 9
1 13
6 11
9 7
8 6
4 3
7 9
11 11
8 7
8 0
0 10
12 9
13 2
13 1
9 0
4 12
2 11
3 2
1 2
4 9
4 4
3 13
9 3
13 3
2 9
1 1
3 12
8 5
12 13
5 9
10 2
3 3
2 10
12 8
5 1
10 12
6 4
2 2
10 6
9 2
4 1
9 4
9 9
0 5
1 5
3 0
8 11
11 5
5 2
2 12
1 7
6 7
9 1
13 7
10 7
2 13
7 4
3 11
11 9
8 3
12 4
2 4
7 3
0 8
5 6
10 13
8 4
7 10
10 8
6 5
13 13
4 8
9 6
1 11
9 5
11 10
11 2
5 11
0 4
10 0
4 2
2 1
0 7
12 12
7 12
4 10
3 9
6 13
6 12
13 10
11 4
2 7
6 2
11 12
7 6
6 10
6 9
1 3
7 1
6 1
11 8
8 12
11 6
0 0
11 13
0 9
12 6
13 11
