12 77 1250
00000000000
00000000000
00000000000
00000000000
00000000000
00000000000
00000000000
00000000000
00000000000
00000000000
00000000000
00000000000
000000000000
111111111100
000000000000
000000000000
000000000000
000000000000
000000000000
000000000000
000000000000
000000000000
000000000000
2 0
9 1
9 7
4 6
3 2
6 6
1 9
4 1
11 0
0 9
7 5
8 0
3 10
8 8
4 10
5 6
4 8
11 11
8 1
8 6
6 11
10 10
2 1
8 2
9 2
10 11
7 6
4 3
2 5
5 0
6 10
3 7
1 5
11 6
5 3
11 5
7 4
5 7
1 11
6 8
7 1
4 2
7 0
5 2
0 1
6 9
2 3
3 3
5 9
1 4
8 5
10 2
3 11
6 2
7 9
8 7
7 8
4 7
2 2
2 10
6 3
2 7
5 10
10 3
4 0
6 7
9 5
0 3
8 11
2 11
5 1
4 11
8 4
4 5
7 10
11 9
2 6
