12 111 1207
00001100000
00001000000
00001000000
00000000000
00000000000
00000000000
01000000000
01000000000
01000000000
01000000000
01000000000
01000000000
000000000000
000000000000
000000000000
000000000000
000000000000
000000000000
000000000000
000001111111
000000000000
000000000000
000000000011
8 4
1 9
2 1
7 7
4 8
2 11
6 6
10 6
5 10
11 1
0 6
4 0
8 6
5 7
5 5
3 10
10 1
9 1
2 4
10 10
7 6
1 1
11 2
1 4
5 6
8 5
5 0
9 6
5 3
9 10
3 6
6 9
10 5
9 9
2 0
7 0
1 8
1 3
6 10
8 8
0 3
3 9
9 8
7 1
0 5
7 3
4 11
6 5
6 7
2 3
2 9
6 3
6 2
5 8
2 6
7 4
3 8
2 7
10 7
11 3
7 5
7 8
0 2
8 3
4 1
10 8
0 4
11 5
6 1
11 10
11 4
2 2
1 6
11 0
10 2
11 6
5 11
3 3
2 8
2 5
8 10
0 10
0 8
4 9
0 1
6 11
8 9
6 4
8 2
5 4
4 10
6 0
3 5
7 9
3 1
8 0
3 7
4 7
7 11
4 4
3 11
7 10
8 7
11 11
8 1
1 0
9 11
11 8
9 4
9 2
1 7
