18 230 8845
00100000000010000
00100000000010000
00100000000010000
00100000000010000
00100000000010001
00100000000010001
00100000000000001
00100000000000001
00100001000000001
00100001100100101
00100001100100101
00100011100100101
00100111000010001
10000111000010001
10000111000010001
10000111000010001
10000111000000001
00000000000000001
000000000000000000
000000000000011110
000000000000000000
001000000000000000
000000000000000000
000000000000000000
000111111111110000
000000000000000000
000000000000000000
000000000000000000
000000000000000000
000000000111111110
000000000000000000
000000000000000000
000000000111100000
000000000000000000
111111111111111100
0 15
7 0
12 15
1 4
15 3
8 15
12 14
11 1
0 11
6 11
12 4
2 1
14 15
5 6
17 4
17 13
3 10
11 5
5 14
6 5
4 17
0 3
6 16
14 3
7 15
4 11
4 9
3 5
2 10
10 16
5 2
11 17
4 5
10 6
10 2
6 1
15 0
8 6
2 13
13 9
2 8
16 3
1 9
15 6
7 17
9 14
9 9
4 15
0 0
1 0
3 1
10 0
12 17
15 15
11 7
13 3
3 11
15 10
14 14
8 9
15 5
6 8
13 7
13 4
13 5
10 11
14 1
9 6
14 12
4 16
12 0
3 7
6 0
1 12
3 16
7 6
17 14
1 11
7 11
2 12
5 8
8 17
4 6
5 10
5 15
17 0
11 13
14 11
2 17
16 7
9 12
13 0
8 16
10 17
1 8
12 13
15 8
16 0
8 1
16 12
2 0
7 14
10 4
16 10
16 11
3 9
13 16
13 17
1 16
14 2
0 7
2 4
12 8
17 16
4 1
16 16
0 8
13 14
3 0
1 5
13 11
7 7
12 1
6 17
11 12
2 5
17 17
7 12
11 11
13 15
7 3
8 13
13 6
8 3
11 14
0 12
10 7
5 3
7 10
9 17
6 6
3 17
9 13
0 2
9 15
1 6
8 4
3 2
0 17
13 8
2 11
6 15
16 1
16 8
6 9
12 7
11 3
17 9
16 13
11 4
2 15
11 16
8 10
6 10
15 4
4 4
10 9
15 9
10 15
7 9
17 3
14 6
14 13
5 11
16 17
5 4
4 8
10 10
4 0
12 5
0 13
9 8
2 3
4 10
4 14
17 8
15 12
9 1
17 7
9 4
7 13
12 10
14 7
8 14
16 6
12 9
17 12
15 1
15 2
7 16
4 12
1 10
11 10
11 8
2 6
5 12
12 6
1 2
8 11
6 13
6 12
8 2
3 6
1 7
7 2
9 5
0 1
4 13
13 1
3 12
14 10
0 10
5 13
7 8
16 14
16 2
11 6
15 7
16 4
15 14
