20 208 5351
0000100000010000000
0000100000010000000
0000100000010000000
0001100000000000000
0001100000000000000
0001100000000000000
0001100000000000000
0001100000001000000
0001100000001000000
0001100000000000001
0001100000000000001
0001000100000000001
0001100100010100001
0011100100010100001
0011100100000100001
0011100100000100001
0011100100000100010
0011100100000100010
0011100100000000010
0011100100000000010
11000000000000000000
00000000000000000000
00000000000000000000
00000000000000000000
00000011111111111111
00000000000000000000
00000000000000000000
00000000000000000000
00000000111111111111
00000000000000000000
00000000000000000000
11000000111111000000
00000000000000000000
00000000000000000000
00000000000000000000
00000000000000000000
00000000000000000000
00000000000000000000
00000000000000000000
2 6
11 6
14 0
5 6
6 0
10 17
12 19
14 18
5 8
4 1
5 15
11 11
15 8
9 7
10 3
18 11
5 3
2 10
5 0
0 1
13 11
4 10
3 12
12 3
6 19
15 7
4 2
11 16
15 13
3 16
1 13
1 12
17 1
7 15
12 17
6 8
4 5
4 8
13 8
2 3
2 12
18 15
18 9
13 5
4 12
6 2
19 18
6 11
16 9
15 14
5 5
13 0
11 7
17 15
15 18
15 4
4 17
0 4
16 17
1 6
5 12
18 8
13 9
3 1
15 1
18 7
0 8
1 9
11 5
3 0
8 11
19 0
18 19
2 4
14 1
16 6
2 18
12 10
4 0
14 6
14 13
2 8
1 5
5 1
12 18
9 0
4 14
12 8
0 3
4 9
4 6
17 19
5 9
16 5
18 6
7 12
8 7
13 2
17 3
6 12
8 14
13 19
5 2
14 9
4 11
4 7
9 13
19 10
0 9
11 3
2 2
10 6
17 10
9 11
7 5
1 4
1 2
11 12
18 2
9 12
17 7
4 16
14 10
11 13
19 1
19 17
6 13
16 0
7 16
10 14
15 0
6 3
14 12
17 18
6 6
1 1
5 11
19 7
1 15
1 19
0 11
2 5
19 19
11 8
13 6
9 15
14 14
7 4
18 5
13 12
0 15
19 4
10 1
6 16
9 18
19 5
17 16
16 18
18 1
10 10
16 15
19 9
1 3
10 15
5 10
17 11
8 3
1 11
10 13
18 17
15 11
3 3
13 14
5 4
1 14
7 8
9 2
17 0
7 19
14 7
1 18
16 11
14 3
4 3
13 3
6 10
1 0
12 6
11 19
9 3
17 13
15 17
10 2
10 0
15 19
16 13
18 4
6 5
5 14
3 4
14 16
15 3
16 7
10 11
12 5
8 8
11 2
3 19
