19 257 11142
000000111000000000
000000100000000000
000000100000000000
000000100000000000
000000100000010000
000000100000010000
000000100000010000
000000100000010000
000000100000010000
000000100000010000
000000100000010000
000000100000010000
000000100000010010
000000100000010010
010000100000010110
010000100000010110
000000000000010111
000000000000010111
000000000000010111
0000000000000000000
0000000000000000000
0000000000000000000
0000000000000000000
0000000000000000000
0000000000011100000
0000000000000000000
0000000000000000000
0000000000000000000
0000000000000000000
0000011000000000000
0000000000000000000
0000000000000000000
0000000000000000000
0000000000000000000
0011111000000000000
0000000000000000000
0000000000000000000
14 14
9 6
7 8
7 9
16 13
4 1
3 8
3 0
15 11
14 12
9 0
9 18
1 7
8 14
9 15
10 11
5 11
12 7
0 12
13 6
13 15
16 15
13 8
13 0
11 14
7 16
13 9
9 8
2 3
11 13
12 1
8 2
2 0
2 10
9 11
11 6
6 4
4 13
4 15
11 1
11 8
17 3
0 15
18 6
16 11
3 11
16 3
5 18
12 17
3 9
17 14
0 0
1 6
6 5
1 1
11 16
10 16
3 15
3 5
7 7
4 2
9 12
11 18
14 1
16 12
16 1
11 7
4 17
10 8
3 18
8 16
15 16
11 3
15 13
6 8
11 10
4 9
0 6
7 17
4 12
13 17
1 15
13 1
1 14
8 10
5 1
7 15
15 17
3 12
2 8
8 6
14 6
2 2
10 12
2 11
14 18
8 1
13 14
11 9
15 10
0 4
7 18
2 7
9 2
5 0
8 15
10 13
11 2
6 13
6 14
10 6
18 12
6 18
8 9
10 7
15 3
7 2
17 9
14 15
13 3
17 10
16 7
14 10
14 3
7 12
17 6
0 1
4 10
12 9
3 6
8 3
6 3
6 11
14 8
15 18
0 3
1 16
18 7
1 13
16 18
13 16
1 2
6 15
6 10
3 7
17 12
10 18
2 14
18 11
15 12
4 11
5 4
11 5
18 17
0 7
2 16
5 17
0 17
10 9
11 4
9 16
8 5
7 13
11 15
3 17
1 17
13 18
2 17
2 6
5 6
3 13
14 16
13 10
10 5
17 18
10 10
3 2
7 5
17 8
8 7
13 5
0 13
17 7
0 16
4 18
4 4
6 2
11 17
4 5
15 1
4 6
18 14
1 3
12 4
7 3
15 15
8 12
12 14
2 5
14 13
18 9
5 14
18 10
6 1
10 4
5 16
17 4
4 8
9 13
11 12
17 17
7 6
8 0
18 3
13 2
16 0
5 8
16 2
0 18
4 16
16 9
1 9
14 17
17 5
12 0
5 10
17 11
5 15
14 4
15 9
9 9
9 7
1 12
3 10
1 8
3 16
15 8
16 16
15 6
5 13
10 14
10 3
2 9
12 11
14 7
2 13
0 8
0 11
9 10
4 3
5 3
18 16
10 1
16 10
3 4
18 4
5 7
