11 98 838
0000000000
1000000000
1000000000
1000000000
1000000000
1000000000
0000000000
0000000000
0000000000
0000000000
0000000000
00000000000
00000000000
00000000000
00000000000
00000000000
11000000000
00000000000
00000000000
00000000000
00000000000
8 10
5 0
7 1
1 8
10 8
9 9
1 7
5 8
3 6
8 1
9 1
2 3
2 5
7 4
9 0
10 6
8 7
8 6
2 8
5 4
0 10
5 3
8 2
1 10
8 3
8 5
7 6
5 5
4 8
4 3
3 5
6 10
1 6
10 3
1 5
9 2
1 0
4 1
10 9
3 9
6 4
4 4
8 4
3 1
0 2
9 7
10 1
7 5
6 0
8 0
8 8
9 10
0 3
1 2
9 6
4 2
0 7
6 5
5 7
5 10
2 7
9 3
10 2
4 6
1 3
3 8
0 5
10 7
8 9
5 1
10 10
3 3
2 4
7 10
7 7
4 10
9 5
5 6
9 8
4 7
2 0
0 1
2 6
0 0
0 6
6 2
7 9
7 2
10 5
3 2
2 10
7 3
2 2
5 2
3 7
6 1
6 9
10 0
