20 175 6422
0000000000000001000
0000000000000001000
0010000000000001000
0010000000000001000
0010000000000001000
0010000000000001010
0010000000000001010
0010000000000001010
0010000000000001010
0010000000000000010
0010000000000000010
0010000000000000010
0010000000000000010
0010000000000000010
0010000010000000010
0010000010000000010
0010000010000000010
0010000000000000010
0000000000000000010
0000000000000000010
00000000000000000000
11111110000000000000
00000000000000001000
00000000000000000011
00000000000000000000
00000000000000000000
00000000000000000000
00000000000000000000
00011111111100000000
00000000000000000000
00000000000000000000
00000000000000000000
00000000000000000000
00000000000000000000
00000000000000000000
00000000000000000000
00000001111111111100
00000000000000000000
00000000000000000000
5 1
15 16
12 15
2 8
14 15
18 13
7 13
1 12
17 0
1 18
5 3
8 17
4 15
6 7
13 19
17 10
15 12
2 13
13 1
8 9
4 0
9 3
9 14
15 8
18 16
12 11
6 6
18 0
19 19
7 19
15 18
1 6
11 5
7 8
4 11
4 14
7 1
17 11
9 18
2 7
8 3
6 1
0 12
1 4
7 5
11 15
1 5
17 4
3 10
1 15
18 11
16 5
12 4
12 0
4 4
3 15
10 1
6 13
8 18
2 3
13 13
14 2
5 15
18 12
9 17
3 17
14 3
9 2
17 12
4 5
10 9
15 0
2 0
16 9
9 5
4 16
7 11
1 1
10 3
2 10
9 4
3 6
13 6
17 5
7 14
11 7
11 2
4 17
12 3
15 17
18 15
2 4
16 10
13 8
3 19
18 18
18 7
7 4
15 11
8 15
17 14
14 10
13 12
5 9
16 11
6 3
12 13
17 9
7 9
14 8
18 8
9 15
18 1
14 16
4 18
7 6
13 2
16 6
7 7
6 9
12 1
7 17
10 2
0 4
6 17
8 12
8 14
13 4
17 17
1 14
12 9
14 0
3 0
19 7
13 18
2 1
9 9
14 19
5 16
8 7
2 5
15 3
17 13
14 12
14 17
19 17
4 7
15 9
19 3
16 3
18 14
18 2
2 15
17 18
12 8
10 5
8 4
3 11
12 19
15 1
8 13
7 3
15 14
1 0
14 13
0 18
4 1
5 17
9 7
10 11
0 0
0 5
6 18
0 3
6 15
