18 107 3601
00000100010000000
00000100010000000
00000100010000000
00000100010000000
00000100010000000
00000100010000000
00000100010000000
00000100010000000
00000100010000000
00000100010000000
00000100010000000
00000100010000000
00000100010000000
00000100110000000
00000000100000000
00000000100000000
00000000100000000
00000000100000000
000000000000000000
000000000000000000
000000000000111111
000000000000000000
000000000000000000
000000000000000000
000000000000000000
000000000000000000
000000000000000000
000000000000000000
000000000000000000
000000000000000000
000000000000000000
000000000000000000
000000000000000000
000000000000000000
000000000000000000
11 1
1 17
16 2
14 6
8 16
7 16
9 14
16 11
7 11
11 14
17 4
13 0
8 1
7 10
17 17
15 12
9 16
12 2
6 14
8 2
15 10
0 0
2 6
5 17
3 5
3 14
13 4
6 10
3 1
13 16
7 3
2 9
7 6
4 15
10 8
8 10
1 4
7 1
10 5
1 6
12 17
1 3
7 13
2 1
11 13
2 2
1 13
10 11
4 8
17 11
0 5
17 14
13 5
3 3
0 11
11 2
2 13
14 14
10 3
11 3
11 0
0 14
17 8
1 12
3 8
8 0
6 1
0 4
4 13
16 14
0 8
9 11
13 15
10 17
17 9
9 13
4 3
15 14
7 8
9 4
16 10
7 2
7 5
12 3
5 14
3 12
12 1
6 5
3 4
12 6
12 16
12 5
4 1
13 17
6 15
12 13
6 9
10 14
11 9
6 8
3 9
2 8
13 13
17 1
7 14
5 8
12 8
