17 255 9598
1001000000000000
1000000000000000
1000010000000000
0000010000000000
0000000000000000
0000000000000000
0000000000000000
0000000000000000
0000000000000000
0000000000000000
0000000000000000
0000000000000000
0000000000000000
0000000000000000
0000000000000000
0000000000000000
0000000000000000
00000000000000000
00000000000111111
00000000000000000
11111111111111000
11111111111100000
11111111111111000
00001111111111111
00000000000000000
00000000000000000
00000000000000000
00000000000000000
00000000000000111
00000000000000001
00000000000000000
00000000000000000
00000000000000000
3 4
13 15
16 13
13 3
10 12
3 1
14 5
16 10
13 4
9 14
3 10
10 6
4 0
8 10
15 12
15 16
7 7
12 10
1 9
10 10
1 12
11 15
12 15
6 3
16 3
13 11
11 14
0 1
8 16
16 9
7 11
9 8
14 0
0 4
14 6
9 1
7 1
5 14
3 3
15 5
11 11
10 16
9 3
9 7
8 7
8 1
8 3
14 10
0 13
10 2
7 14
0 2
6 1
0 16
5 2
5 16
1 11
13 10
7 5
16 12
0 3
2 4
11 10
1 16
10 0
5 10
4 5
3 15
5 11
11 16
5 1
12 16
4 15
3 6
8 8
14 14
9 16
2 8
13 6
11 3
11 2
1 0
6 15
15 6
6 14
15 1
12 14
16 6
12 3
10 8
12 8
4 16
7 2
6 5
0 0
7 3
0 5
5 9
4 7
7 10
15 4
10 9
12 7
5 12
12 11
7 6
2 14
7 16
3 2
2 9
12 2
10 14
16 8
0 12
14 1
1 8
9 6
8 15
4 14
1 13
14 7
9 10
1 1
13 1
11 13
4 13
14 4
0 15
6 4
12 0
5 4
10 7
13 2
2 7
2 13
6 10
14 16
6 13
15 7
8 5
8 4
14 8
11 6
4 9
4 4
8 11
8 6
6 12
16 7
12 4
3 16
13 5
15 8
5 7
4 8
11 7
0 11
1 4
14 9
11 12
2 0
8 14
5 13
11 0
7 9
1 3
14 11
13 14
0 7
6 7
5 3
12 6
5 6
5 5
8 13
9 0
2 5
14 13
15 13
0 10
1 14
0 6
9 4
9 11
8 2
15 0
6 6
6 9
7 12
16 5
11 9
1 6
6 8
8 12
9 13
16 0
3 13
9 2
14 15
3 12
16 15
15 2
6 16
4 11
9 5
15 10
7 4
3 0
12 13
9 12
9 15
1 2
4 2
14 2
5 0
4 6
8 0
2 15
16 2
7 0
12 12
10 15
0 14
0 9
13 16
14 12
2 2
16 4
4 3
4 10
10 5
2 11
11 1
1 10
10 13
3 14
10 11
6 11
12 5
6 2
4 12
3 5
2 16
7 15
3 8
2 1
2 3
3 11
16 1
16 14
11 8
13 7
10 3
12 9
16 11
