19 42 1275
000000000000000000
000000000000000000
000000000000000000
000000000000000000
000000000000000000
000000000000000000
000000000000000000
000000000000000000
001000000000000000
000000000000000000
000000000010000000
000000000010000000
000000001010001000
000000001010001000
000000000000000010
000001000000000010
000001000000000010
000001000000000010
000001000000000000
0000000000000000000
1111111111111100000
0000000000000000000
0000000000000000000
0000000000000000000
0000000000000000000
0000000000000000000
1111111000000000000
0000000000000000000
0000000000000111111
0000000000000000000
1110000000000000000
0000000000000000000
1111111111111111100
0000000000000000000
0001110000000000000
0000001111111110000
0000000000000000000
5 11
6 2
5 5
17 13
13 1
3 3
17 1
2 17
7 14
18 11
11 0
16 17
2 0
1 12
6 5
18 2
0 7
8 3
9 4
7 3
5 0
5 6
8 0
3 1
3 15
1 0
7 13
1 4
8 5
1 3
8 4
4 17
16 9
17 18
4 1
0 10
14 3
7 17
4 18
1 6
9 14
17 11
