16 104 1999
000000000001000
000000000000000
000000000000000
000000000000000
000000000000000
000000000000000
000000000000000
000000010000000
000000010000000
000000010000000
000000010000000
000000010000000
000000010000000
000000010000000
000000010000000
000000010000000
0000000000000000
0000000000000000
1111111111000000
0000000000000000
0000000000000000
0000000000000000
0000000000000000
1111100000000000
0000000000000000
0000000000001111
0000000000000000
0000000000000000
0000000000000000
0000000000000000
0000000000000000
10 13
13 6
11 10
6 15
11 15
5 1
9 15
5 12
4 8
3 14
8 0
12 15
1 7
14 8
10 2
2 0
2 7
7 14
10 10
13 4
11 5
5 3
12 10
8 10
15 4
12 9
3 8
11 2
13 14
1 10
6 1
5 15
12 8
14 2
15 1
13 3
11 14
10 0
14 4
13 5
4 5
8 11
7 9
10 1
4 0
14 6
0 14
6 14
2 2
6 6
10 4
7 13
0 7
11 6
13 10
4 14
2 5
0 1
13 12
10 6
5 0
2 14
12 7
6 9
4 11
8 8
4 10
7 3
15 13
4 15
7 1
8 9
0 9
10 11
12 1
8 13
5 4
6 13
14 13
12 12
15 12
2 3
3 3
4 6
3 1
11 13
11 1
7 11
5 2
0 13
15 2
11 3
9 7
14 3
10 8
14 10
13 8
3 15
1 0
1 14
1 5
13 1
13 2
13 9
