14 114 5109
0100010000000
0000010000000
0000011000000
0000011000000
0010011000001
0010011000001
0010011000001
0010011000001
0010011000010
0010011000010
0010111000010
0010111000010
0010101000000
0010101000000
00000000000001
00000000000000
00000000000000
00000001111110
00000000000000
00000000000000
00001100000000
00000000000000
00000000000000
00000000000000
00000000011100
00000000000111
00000000000000
3 7
8 3
13 10
2 9
0 4
10 7
9 0
10 1
4 11
1 0
13 9
12 0
3 12
7 12
11 11
10 8
13 3
7 13
9 4
0 8
3 11
4 0
6 7
11 7
7 2
1 12
0 10
8 13
3 3
2 3
4 1
4 5
10 10
12 6
5 12
0 1
9 7
10 11
0 11
5 8
3 2
2 5
11 1
1 10
13 1
8 8
2 11
1 9
7 11
13 11
5 0
6 6
13 5
7 5
6 12
2 6
13 8
13 6
5 3
7 8
4 9
8 7
8 4
4 8
3 10
2 0
11 4
8 2
3 0
11 6
9 13
1 3
9 8
13 0
0 0
6 8
9 1
11 0
12 10
0 12
13 4
7 4
3 9
8 9
6 0
12 7
5 10
2 8
12 1
9 10
6 2
8 11
13 2
10 12
4 3
2 13
13 13
12 4
5 2
9 12
7 7
8 1
12 8
2 7
0 5
3 6
2 1
10 5
7 0
4 13
6 4
9 6
9 9
1 7
