20 147 5757
0000010000000000000
0000010000000000000
0000010000000000000
0000010000000000000
0000010000000000000
0000010000000000000
0000010000000000000
0000010000000000000
0000010000000000000
0000110000000000000
0000110000000000000
0000110000000000000
0000110000000000000
0000110000000000000
0000110000000000000
0000110000000000000
0000110000000000000
0000110000000000000
0000100000000000000
0000100000000000000
00000000000000000001
00000000000000000000
00000000000111111111
00000011111111000000
00000000000000000000
00000000000000000000
00000000000000000000
00000011111000000000
00000000111111111111
00000000000000000000
00000000000000000000
00000000000000000000
00000000000000000000
00000011111000000000
00000000000000000000
00000000000000000000
00000000000000000000
00000000000000000000
00000000000000000000
13 0
6 5
6 7
12 17
18 19
2 6
16 19
9 13
2 11
19 3
7 11
1 14
3 13
16 2
12 15
14 16
15 5
5 3
9 14
1 0
6 10
11 2
4 15
0 5
3 11
19 7
7 19
11 19
17 13
8 2
12 19
13 12
5 12
16 7
8 13
0 10
17 15
0 7
17 2
17 14
9 3
2 8
16 12
7 17
17 10
13 7
9 16
16 16
14 1
13 16
11 3
2 7
14 10
8 6
19 13
7 7
15 1
13 15
8 10
13 17
5 4
11 6
11 7
0 14
5 8
13 4
11 0
7 4
4 5
9 6
3 3
13 9
8 15
9 8
3 9
0 19
9 0
16 17
17 3
13 11
8 16
19 11
16 15
16 1
19 18
8 14
19 9
0 16
18 17
1 18
11 4
7 18
9 1
8 1
2 13
10 5
4 14
4 2
8 19
17 6
10 3
3 1
10 15
1 7
8 12
0 2
2 9
7 9
13 2
15 15
6 12
2 15
15 16
1 1
4 11
14 4
13 10
7 6
1 11
14 6
14 12
4 8
18 15
12 0
16 18
6 2
12 18
19 8
12 3
17 5
7 16
7 12
4 16
15 2
18 16
10 8
11 1
6 3
5 17
19 10
3 19
5 7
15 10
18 9
18 1
3 16
6 1
