18 279 6559
00000000001000000
00000000001000000
00000000001000000
00000000001000000
00000000001000000
00000000001000000
00000000001000000
00000000001000000
00000000001000000
00000000001000000
00000000001000000
00000000001000000
00000000001000000
00000000000000000
00000000000000000
00000000000000000
00000000000000000
00000000000000000
000000000000000000
000000000000000000
000000000000011111
000000000000000000
000000000000000000
000000000000000000
000000000000000000
000000000000000000
000000000000000000
000000000000000000
000000000000000000
000000000000000000
000000000000000000
000000000000000000
000000000000000000
000000000000000000
000000000000000000
4 13
7 15
2 6
17 8
10 17
3 8
4 6
14 17
5 9
12 6
9 12
7 17
10 11
11 15
17 14
1 10
2 5
6 4
0 12
16 7
16 1
16 13
16 14
10 9
14 6
12 3
9 7
8 13
13 5
15 4
10 8
14 7
11 13
5 8
2 17
0 0
9 17
3 15
12 11
14 1
13 14
11 10
1 6
15 8
15 1
14 3
14 0
3 3
5 15
9 15
9 8
8 17
14 10
12 4
13 10
1 3
9 11
13 8
5 1
6 5
17 13
12 12
6 9
17 4
14 12
8 3
0 13
11 3
9 9
8 2
16 3
15 0
4 17
1 1
2 2
15 17
1 7
4 1
4 2
2 9
15 15
8 15
6 0
11 4
7 8
16 16
16 17
10 10
8 6
10 14
13 0
3 11
16 5
11 11
13 9
2 15
1 0
11 14
6 16
11 8
3 17
5 14
15 9
15 10
0 4
5 11
9 16
11 9
7 10
12 10
3 13
9 14
17 1
7 4
10 2
7 3
14 14
12 14
4 10
3 0
4 9
9 3
8 7
17 11
10 0
15 2
4 4
3 9
11 16
11 7
11 6
1 11
10 15
17 10
17 16
12 2
15 13
12 0
13 2
7 7
13 16
14 4
5 3
4 11
2 8
9 10
13 7
10 12
13 11
7 6
14 11
3 1
11 1
3 6
0 8
5 17
10 4
12 7
1 14
9 1
0 1
2 0
5 2
11 2
6 8
6 10
5 5
14 16
16 8
3 10
3 2
6 7
5 10
6 3
16 15
11 5
7 2
1 15
15 11
13 17
12 15
2 11
15 16
5 16
0 7
4 0
16 2
17 2
5 0
2 7
13 12
4 14
14 8
6 6
14 2
7 5
7 1
9 5
6 1
14 9
0 3
2 4
15 6
17 7
8 4
13 3
13 15
6 13
9 13
3 7
8 5
7 13
17 12
17 15
8 11
8 10
8 16
16 0
14 5
2 16
12 9
14 15
12 16
13 13
6 2
15 7
6 15
2 13
10 1
6 17
0 9
0 11
1 5
11 0
4 3
7 9
1 13
3 16
14 13
3 14
12 1
7 0
17 17
7 12
0 6
1 16
16 12
4 12
1 17
6 12
1 4
10 5
4 5
8 0
4 16
10 16
13 4
17 3
11 12
12 5
15 12
16 11
13 1
9 0
5 12
4 15
6 14
7 16
2 3
1 8
15 5
7 14
1 9
17 6
10 3
8 9
16 6
4 7
2 14
