17 152 5690
0000000000000000
0000000000001000
0000000000001000
0000000000001000
0000000000101000
0000000000001000
0000000000001000
0000000000001000
0000000000001000
0000000000001000
0000000000001000
0000000000001000
0000000000001000
0000000000001000
0000000000001000
0000000000001000
0000000000001000
00000000000000000
11111000000000000
00000000000000000
01111111111110000
00000000000000000
00000000000000000
00000000000000000
00000000000000000
00000000000000000
00000000000000000
11111110000000000
00000000000000000
00000000000000000
00000000000001100
00000000000000000
00000000000000000
11 1
8 15
7 11
11 0
10 7
10 12
11 9
4 10
14 11
16 10
0 6
6 3
15 2
14 9
9 13
15 5
9 15
14 5
4 15
1 3
16 14
11 16
5 2
7 10
9 11
6 5
13 1
12 11
2 8
15 1
14 1
11 14
1 6
7 12
4 13
15 16
11 3
16 6
8 0
0 3
9 9
5 1
7 7
5 15
11 6
2 9
4 4
11 5
13 6
3 6
2 1
8 16
2 6
0 0
2 7
0 11
10 6
9 3
6 8
7 2
8 5
3 10
6 10
2 2
13 2
1 15
11 7
2 14
16 7
10 11
5 7
10 15
15 8
3 16
0 2
14 3
6 0
8 10
2 12
16 5
12 13
7 6
0 16
1 12
8 3
12 9
12 8
16 9
6 15
4 14
2 0
0 12
8 12
0 8
11 12
10 16
5 5
4 7
7 0
13 11
12 6
11 4
3 12
1 5
10 13
11 11
16 1
9 16
5 11
4 9
8 11
13 10
3 4
2 16
4 6
12 4
0 7
4 16
11 13
4 1
5 16
3 1
0 15
15 11
12 2
10 5
1 13
15 10
7 1
2 4
13 7
4 2
7 16
13 5
15 14
15 7
16 0
6 13
7 15
13 3
16 13
14 7
14 14
10 0
3 11
5 14
10 8
6 16
1 11
3 8
2 11
16 11
