16 21 472
010000100010001
010000000010001
010000000010001
010000000010001
010000000010001
110000000010001
100000000010001
000000010010001
000000010010001
000000010010001
000001010010000
000001010010000
000001010000000
000001010000000
000001010000000
000001000000000
0000000000000000
0011000000000000
0000000000000000
0000000000000000
0000000000000000
0000001111100000
1111111100000000
0000000000000000
0000000000000000
0000000000000000
0011110000000000
0000000000000000
1110000000000000
0000000000000000
0000000000000001
7 4
15 9
7 7
6 15
8 4
2 13
13 7
3 11
1 2
11 14
8 9
12 3
5 5
12 12
5 8
13 12
11 11
9 11
13 10
2 9
7 8
