18 216 4085
00000000000000000
00000000000000000
00000000000000000
00000000000000000
00000000000000000
00000000000000000
00000000000000000
00000000000000000
00000000000000000
00000000000000000
00000000000000000
00000100000000000
00000100000000000
00000100000000000
00000100000000000
00000100000000000
00000100000000000
00000100000000000
000000000000000000
000000000000000000
000000000000000000
000000000000000000
000000000000000000
000000000000000000
000000000000000000
000000000000000000
000000000000000000
111111111111100111
000000000000000000
000000000000000000
000000000000000000
000000000000000000
000000011111111111
000000000000000000
000000000000000000
8 9
16 16
4 8
12 0
8 10
16 2
7 0
13 4
3 9
1 6
4 14
15 5
13 8
11 0
10 5
13 3
4 6
7 15
0 9
7 17
4 1
10 12
17 12
16 10
5 7
5 16
0 6
10 11
2 13
9 1
9 12
5 9
11 12
6 13
1 9
13 11
11 6
4 4
17 2
14 10
3 2
2 8
13 17
14 17
12 7
17 8
15 14
6 5
2 4
13 16
14 11
12 10
3 3
14 3
12 3
11 5
9 16
17 16
4 5
13 2
9 10
3 14
16 7
0 14
0 10
6 2
17 3
4 12
13 14
17 10
17 9
11 10
5 0
6 14
6 17
10 10
13 15
3 4
10 8
8 6
14 2
9 3
6 4
3 12
7 13
5 17
12 5
12 17
15 10
14 16
9 13
12 6
10 0
7 6
5 8
4 2
8 5
15 7
6 7
17 0
17 14
14 13
2 7
11 13
2 16
3 7
12 16
10 3
11 17
2 9
13 6
7 10
5 10
0 5
2 5
3 0
6 12
9 4
14 9
0 13
17 15
11 16
7 9
5 5
17 6
16 8
1 11
15 15
8 11
10 1
8 8
9 6
0 0
2 2
15 16
7 5
16 15
15 2
0 4
13 13
13 9
3 1
0 8
6 15
12 13
16 4
4 15
12 12
5 12
6 6
2 1
11 2
9 2
3 5
2 15
5 6
12 4
15 3
6 11
14 5
13 12
9 17
4 10
10 9
11 14
5 4
0 15
14 7
0 12
10 6
13 1
14 0
16 11
7 3
2 0
0 1
9 5
15 1
1 17
1 10
15 4
9 14
0 11
17 7
3 10
11 9
8 3
12 15
8 16
4 0
13 7
8 12
7 2
4 3
8 4
7 1
9 8
5 1
17 5
2 11
3 8
14 14
4 11
14 6
2 6
8 14
16 1
5 2
2 17
8 0
3 11
15 6
7 14
2 14
6 8
1 13
