14 59 870
0000000000000
0000000000000
0000000000000
0000000000000
0000000000000
0000000000000
0000000000000
0000000000000
0000000001000
0000000001000
0000000001000
0000000001000
0000000001000
0000000001001
00000000000000
11111111110000
00000000000000
00000000000000
11111111111000
00000000000000
00000000000000
00000000000000
00000000000000
00000000000000
00000000000000
00000000000000
00000000000000
8 13
11 5
7 6
9 1
7 5
2 8
10 1
13 2
11 7
0 7
9 12
12 6
5 7
7 9
12 13
11 13
1 6
4 2
5 8
8 11
13 6
6 13
3 2
2 12
4 10
2 2
1 9
11 2
1 0
5 13
0 8
5 5
5 6
3 4
2 11
2 10
9 6
4 5
8 8
4 6
11 9
1 13
2 0
3 9
13 4
12 11
1 7
12 10
3 7
0 9
6 12
13 5
6 6
10 3
6 7
7 4
3 11
1 10
9 11
