13 42 648
000000000000
000000000000
000000000000
000000000000
000000000000
000000001000
000000001000
000000001000
000000001000
000000001000
000000001000
000000001000
000000001000
0000000000000
0000000000000
0000000000001
0000000000000
0000000000000
0000000000000
0000000000000
0000000000000
0000000000000
1111000000000
0000000000011
0000000000000
0 12
6 8
3 5
12 11
2 5
2 8
11 0
10 7
5 9
7 2
2 2
9 6
0 7
6 4
7 5
2 3
12 0
5 7
0 10
2 10
4 8
11 12
4 12
1 6
5 1
2 7
10 11
4 11
4 10
12 3
9 2
8 2
2 0
12 5
3 12
6 7
9 10
6 6
0 11
3 1
8 4
0 0
