19 170 3190
010000000000000000
010000000000000100
010000001000000100
000000001000000100
000000001000000100
000000001000000100
000000001000000100
000000001000000100
000000001000000001
000000001000000001
000000001000000001
000000000000000001
000010000000000001
000010000000000001
000000000000000000
000000000000000000
000000000000000000
000000000000000000
000000000000000000
0000000011111111111
0011111111000000000
0000000000000000000
0000000000000000000
0000000000000000000
0000000000000000000
0000000000000000000
1110000001000000000
0000000000000000000
0000000000000000000
0000000000000000000
1111111111100000000
0000000000000000000
0000000000011111111
0000001111111111111
0000000000000000000
0000000111111111111
1111100000000000000
8 6
9 14
11 0
6 1
18 13
4 17
18 18
13 9
14 16
5 3
1 17
9 3
1 4
4 0
16 2
13 7
0 0
9 15
16 11
1 5
8 7
1 1
14 14
8 18
6 4
18 17
12 17
13 12
10 15
8 9
3 10
15 7
10 17
18 8
9 6
17 12
17 15
8 8
6 3
0 3
17 2
11 3
0 15
15 5
18 14
18 16
0 7
15 15
18 10
7 5
10 5
17 17
11 1
9 10
9 13
11 2
7 2
16 6
10 2
13 11
10 14
14 9
11 7
6 18
7 15
0 1
12 12
13 16
12 8
9 1
4 14
8 0
2 3
4 8
17 9
12 1
13 15
14 5
0 17
16 18
12 2
14 8
1 6
4 11
15 13
13 14
3 5
5 6
3 17
16 7
3 1
2 7
18 12
6 16
10 12
1 9
11 10
5 14
3 4
14 18
7 1
16 9
4 13
16 4
12 5
6 0
11 14
18 3
3 11
8 4
2 10
1 13
2 13
7 16
13 3
1 10
5 7
18 9
4 6
4 1
10 8
3 3
11 15
9 17
12 10
5 15
3 14
3 12
6 7
5 1
9 5
7 6
18 0
5 12
15 18
2 12
1 11
14 10
10 18
7 10
3 8
17 6
16 13
5 17
8 12
10 0
2 14
1 0
16 5
8 3
16 8
15 4
14 0
11 18
15 14
15 17
1 3
14 2
2 17
10 10
16 14
14 7
6 17
13 0
12 7
17 14
16 3
6 12
11 6
8 14
