19 281 11537
000000000000000000
000000000000000000
000000000000000000
000000000000000000
000000010000000001
100000010000000001
100000010000000001
100000010000000001
100000010000000001
100000010000000001
100000011000000001
000000011000000001
000000011000000001
000000011000000001
000000011000000000
000000001000000000
000000001000000000
000000000000000000
000000000010000000
0000000000000000000
1110000000000000000
0000000000000000000
0000000000000000000
0000000000000000000
0000000000000000000
0000011111111111110
0000000000000000000
0000000000000000000
0000000000000011110
1111000000000000000
1110000000000000000
0000000000000000000
0000000000000000011
0000000000000000000
0000000000000000000
0000000011111111111
0000000000000000000
1 16
1 17
10 8
7 14
8 16
15 4
14 4
8 18
4 16
9 5
14 16
8 7
2 6
0 4
8 17
0 1
10 18
15 16
16 9
18 17
0 18
8 12
5 12
17 7
14 10
8 1
15 8
4 4
9 13
18 12
4 0
5 14
18 18
5 1
12 1
12 13
14 6
3 15
16 2
12 6
12 11
0 13
9 9
13 5
4 11
2 3
18 8
7 0
1 8
17 12
13 18
9 17
1 14
4 1
15 0
16 5
7 3
16 4
9 0
11 10
16 15
14 7
2 15
5 13
15 1
7 2
17 6
17 15
9 15
13 0
11 0
16 0
18 4
18 10
2 18
6 8
14 12
11 9
3 2
9 14
8 15
4 12
5 9
2 11
15 10
5 7
14 11
7 1
17 14
0 3
11 5
0 12
5 0
7 4
11 8
17 17
17 13
10 14
6 15
13 10
15 18
17 16
14 1
6 18
8 2
16 1
3 6
2 7
11 3
13 15
6 16
4 6
10 2
18 16
8 14
15 3
12 2
15 15
12 7
10 7
4 13
13 4
13 17
8 0
1 15
14 14
17 0
16 8
17 8
6 3
0 16
13 1
3 10
13 9
18 15
6 4
14 8
3 9
11 15
17 3
16 6
10 5
10 12
0 14
4 3
8 9
5 17
9 6
1 9
1 10
16 17
10 1
8 6
14 17
11 12
10 10
17 11
3 8
5 8
16 18
17 10
11 18
13 11
15 11
14 3
3 13
10 17
14 18
0 5
5 4
7 17
3 5
6 7
13 14
17 2
7 15
12 9
6 9
10 3
6 5
14 15
11 17
8 5
12 18
8 8
3 17
13 16
0 11
13 7
12 15
14 13
9 10
7 10
4 18
16 13
17 5
8 10
8 3
16 7
8 13
16 10
2 8
12 3
0 10
5 5
8 4
11 1
10 16
3 3
11 2
11 6
0 0
13 6
1 12
18 13
9 11
9 3
10 11
8 11
6 12
13 2
10 0
1 6
6 10
9 1
18 0
6 14
18 11
12 8
7 11
3 14
14 9
9 7
6 11
18 2
4 9
5 10
5 16
0 9
15 2
4 2
12 12
0 2
6 13
1 11
0 17
15 17
2 12
3 7
17 4
18 6
14 2
2 13
16 3
0 6
11 14
12 10
16 14
18 3
7 12
3 16
7 13
3 11
11 11
10 9
2 5
6 17
15 5
1 1
12 5
7 6
9 12
9 2
18 14
0 8
18 1
10 6
10 4
14 5
1 0
2 9
