16 90 1232
000000000010000
000000000010000
000000000010000
000000000000000
000000000000000
000000000000000
000000000000000
000000000000000
000000000000000
000000000000000
000000000000000
000000000000000
000000100000000
000000100000000
000000100100000
000100100100000
0000000000000000
0000000000000000
0000000000000000
0000000000000000
0000000000000000
0000000000000000
0000000000000000
0000000000000000
0000000000000000
0000000000000000
0000000000000000
0000000000000000
0000000000000000
0000000000000000
0000000000000000
10 5
7 9
9 7
9 15
11 9
12 7
2 13
1 4
1 12
15 6
13 4
14 2
0 11
15 4
0 0
15 1
11 3
14 5
0 5
4 15
2 12
5 7
10 9
5 0
6 7
1 0
5 2
0 12
10 10
15 15
1 2
3 3
6 3
10 6
12 8
5 14
3 12
0 14
1 9
5 9
0 13
11 12
10 14
1 14
2 7
9 4
14 13
3 5
12 12
12 14
15 0
4 9
4 3
13 11
1 5
12 11
1 10
1 6
14 4
4 14
3 6
12 5
2 3
5 11
8 4
14 9
2 5
11 11
14 7
1 3
9 10
11 13
2 11
11 1
6 2
9 1
6 8
12 3
15 14
10 4
7 11
14 12
15 11
15 13
8 11
10 11
14 10
10 0
6 1
6 4
