20 287 7345
0100000000000000000
0100000000000000000
0100000000000000000
0100000000000000000
0100000000000000000
0100000000000000000
0000000000000000000
0000000000000000010
0000000000000000010
0000000000000000011
0000000000000000011
0000000000000000011
0000000000000000011
0000000000000000011
0000000000000000011
0000000000000000011
0000000000000000111
0000000000000000111
0000000000000000111
0000000000000000111
10000000000000000000
00000000000000000000
00110000000000000000
00000000000000000001
00000000000000001111
00000000000000000000
00000000000000000000
00000000000000000000
00000000000000000000
00000000000000000000
00000000000000000000
00000000000000000000
11111111100000000000
00000000000000000000
00000000001111111100
00000000000000000000
11111111110000000000
00000000000000000000
00000000000000000000
13 13
10 4
12 8
13 4
14 19
7 7
4 5
0 6
19 13
12 4
9 12
14 11
17 12
6 0
7 0
16 18
5 13
12 7
19 18
19 3
1 3
12 10
13 16
2 3
11 17
5 11
16 4
0 17
10 14
5 15
15 15
12 19
12 11
7 17
15 19
1 11
17 6
1 0
8 7
0 19
2 0
2 13
12 18
1 10
6 9
2 7
2 9
3 3
18 17
9 7
10 17
1 2
18 11
9 2
5 19
6 2
17 14
12 16
17 7
11 2
19 12
17 2
2 11
14 2
8 15
14 12
17 0
7 19
18 16
12 12
10 5
11 11
14 15
15 4
8 14
19 15
16 2
12 0
13 9
9 0
16 5
1 12
1 9
18 7
3 1
13 6
16 8
9 4
4 18
18 14
8 8
8 9
12 6
10 12
1 7
18 2
9 3
7 4
6 1
10 1
7 18
19 17
4 7
15 13
8 0
4 3
13 7
14 17
11 5
19 9
9 11
11 14
8 3
17 10
6 5
5 1
13 17
2 14
11 12
0 18
1 14
18 8
11 4
19 2
16 10
3 5
7 12
4 19
6 12
10 13
6 11
9 10
3 9
7 15
9 5
15 3
9 6
9 18
4 10
8 16
2 2
19 16
13 5
16 6
5 17
10 15
9 15
12 9
2 5
13 11
3 15
3 2
15 0
1 19
11 8
14 13
3 17
14 10
7 3
14 7
13 12
17 13
0 10
16 7
18 13
0 13
6 14
5 18
4 14
0 15
1 6
0 16
8 17
13 19
15 8
6 10
0 3
2 8
9 1
8 18
0 14
9 9
15 6
12 13
11 10
14 6
1 8
14 18
13 0
1 17
2 6
10 18
19 5
7 5
7 9
1 18
16 15
10 8
1 4
2 15
17 19
16 9
17 11
2 19
3 8
13 3
9 14
3 14
12 15
4 15
16 11
3 12
6 15
4 1
17 9
0 8
8 13
13 1
2 10
15 17
18 1
15 5
1 15
2 1
8 6
3 6
1 13
17 5
4 11
7 8
9 19
5 14
12 14
9 8
17 15
6 8
17 8
19 11
18 10
14 14
10 19
10 7
11 6
15 10
19 8
15 2
0 11
14 1
18 4
11 1
8 11
14 16
5 8
18 18
19 6
16 3
2 4
10 10
4 8
15 1
9 13
16 19
12 1
13 10
5 0
3 19
5 6
5 16
15 18
15 16
8 4
8 12
6 3
11 18
0 12
15 11
6 17
7 1
11 13
6 18
0 5
10 9
3 18
18 12
4 12
15 7
19 7
