20 90 1936
0000001000000000000
0000001000000000000
0000001000000000000
0000001000000000000
0000001000000000000
0000001000000000000
0000000000000000000
0000000001000000000
0000000001000000000
0000000001000000000
0000000001000000000
0000000001000000000
0000000001000000000
0000000001000000000
0000000001000000000
0000000001000000000
0000000001000000000
0000000001000000000
0000000001000000000
0000000001000000000
00000000000000000000
00000000000000000000
00000000000000000000
00000000000000000000
00000000000000000000
00000000000000000000
00000000000000000000
00000000000000000000
00000000000000000000
00000000000000000000
00000000000000000000
00000000000000000000
00000000000000000000
00000000000000000000
00000000000000000000
00000000000000000000
00000000000000000000
00000000000000000000
00000000000000000000
15 2
13 0
15 3
10 8
16 9
19 0
17 12
8 7
10 2
13 9
6 18
7 10
13 8
2 11
17 9
10 11
7 1
8 9
6 8
13 7
11 0
18 3
6 3
14 15
9 13
9 1
9 14
0 8
16 17
2 16
5 19
19 19
0 2
2 1
3 6
16 14
19 11
14 9
6 1
0 17
2 3
7 0
5 5
12 1
16 0
10 3
16 18
13 12
17 6
15 16
1 15
14 2
4 6
16 6
19 8
19 1
0 9
12 0
11 2
0 10
3 5
5 14
15 13
12 17
6 6
19 12
18 6
15 7
4 18
2 7
14 19
6 13
3 11
2 4
9 17
1 17
17 17
4 0
1 7
8 18
16 3
9 0
6 12
9 16
17 18
5 8
13 14
11 14
15 5
19 14
