17 207 6904
0000000000000001
0000100000000001
0000100000000001
0000100100000001
0000100100000001
0000100100000001
0000100100000001
0000100000000001
0000100000000001
0000100000000001
0000100000000000
0000100000000000
0000100000000010
0000100001000010
0000100000000000
0000100000000000
0000100000100000
00000000000000000
00000000000000000
00000000000000000
00000000000000000
00000000000000000
00000000000000000
00000111111000000
00000000000000000
00000000000000000
00000000000000000
00000000000000000
00011000000000000
00000000000000000
00000000011111111
00000000000000000
00000000000000000
4 7
15 9
16 9
10 12
16 13
0 11
13 16
2 13
16 8
14 13
4 2
2 7
13 10
5 15
6 9
15 0
11 9
16 5
13 14
16 2
11 2
9 16
2 10
8 12
1 4
8 8
8 9
5 1
5 16
2 8
0 14
13 9
0 12
4 14
12 8
7 7
11 1
1 5
4 1
3 10
12 6
0 7
0 4
14 8
9 7
14 5
12 1
5 4
6 7
5 6
7 11
3 9
2 3
3 13
12 5
12 2
13 5
6 1
3 7
10 3
16 16
13 13
14 6
9 1
15 4
7 13
6 5
16 7
13 12
5 2
12 13
1 9
9 15
3 15
6 16
5 13
6 2
1 11
1 3
10 13
7 9
2 16
0 6
6 3
13 8
2 6
5 10
13 0
11 13
4 6
11 11
12 4
0 10
6 14
10 7
14 1
4 0
13 11
14 15
12 16
9 10
13 15
6 6
12 11
7 14
7 10
3 6
4 15
12 10
12 9
11 10
8 7
11 7
9 5
8 5
8 0
0 9
1 12
15 2
5 8
12 12
9 3
2 0
16 11
6 10
14 11
6 15
2 9
9 12
15 12
2 12
6 12
1 2
9 0
10 0
10 2
15 10
9 8
7 1
14 12
1 16
8 3
15 1
15 14
7 4
6 13
10 8
14 7
3 2
0 3
13 6
7 0
14 14
13 2
2 4
1 8
12 3
6 0
15 15
2 5
4 11
2 14
8 2
10 1
14 3
9 6
4 12
8 15
10 6
7 12
11 16
5 9
14 4
15 6
8 13
1 14
9 4
10 11
0 13
9 14
11 5
8 16
13 1
1 6
3 8
1 15
5 12
7 8
5 14
7 15
13 4
4 3
1 10
0 0
10 9
11 3
7 3
0 16
3 14
4 16
7 6
14 9
12 0
14 2
16 14
15 16
11 12
