18 273 7579
01000000010100010
01000000010110000
01000000010110000
01000000010110000
01000000010110000
01000000010110001
01000000010110001
01000000010010001
01000000010010001
01000000010010001
00000000010010001
00000000010010001
00000000010010001
00000000010010001
00000000010010001
00000000010010001
00000000000010001
00010000000010001
000000000000000000
000000000000000000
000000000000000000
000000000000000000
000000000000000000
000000000000000000
000000000000000000
000000000000000000
000000000000000000
000000000000000000
000000000000000000
000000000000000000
000000000000000000
000000000000000000
000000000000000000
000000000000000000
000000000000000000
16 0
6 7
17 4
14 0
2 13
8 17
0 1
5 9
2 15
14 10
12 6
8 7
15 6
11 14
4 3
7 11
5 17
13 6
17 11
8 8
4 8
4 15
10 13
7 2
8 0
10 7
9 9
17 7
9 4
1 11
15 8
13 16
3 5
10 15
17 17
15 3
2 11
0 3
3 9
13 12
2 3
5 4
5 15
6 0
15 11
0 2
3 6
12 4
11 9
5 6
4 12
14 8
16 11
2 1
8 1
0 11
3 16
14 17
4 16
16 7
12 0
11 5
1 4
6 4
6 15
1 10
0 13
16 10
14 4
10 17
3 15
3 12
0 5
11 8
0 14
11 2
15 5
9 8
16 1
16 13
8 10
0 10
5 14
0 6
10 3
0 16
15 12
11 4
15 14
5 8
16 6
15 13
8 6
2 7
14 6
0 15
15 1
5 11
2 6
1 16
4 13
5 13
7 16
9 16
2 0
3 14
2 14
10 2
8 5
6 11
13 14
14 14
8 4
4 1
15 0
8 15
14 2
17 0
4 7
11 10
6 5
1 3
4 9
13 3
7 5
7 3
12 14
14 5
8 13
7 7
11 6
13 1
12 17
8 3
17 15
12 9
13 11
11 3
9 15
1 1
5 1
4 10
1 8
16 14
9 0
13 4
3 10
13 8
11 11
2 12
6 13
11 13
2 9
5 2
13 5
7 15
5 5
15 7
1 5
1 2
10 14
10 16
2 2
1 17
12 3
16 5
16 9
1 9
1 13
6 1
6 9
10 5
17 9
3 3
12 2
1 15
17 14
14 12
11 0
4 0
16 2
14 15
11 16
4 17
16 15
7 6
16 8
4 14
15 17
3 1
5 0
13 0
17 12
13 9
4 5
14 16
4 6
1 14
6 8
15 2
12 11
13 7
7 10
10 4
2 10
6 12
0 9
2 16
12 5
17 16
8 2
14 13
15 16
9 17
10 0
7 4
14 1
5 16
6 10
6 3
10 11
11 7
6 2
9 10
10 9
3 7
11 17
0 4
17 6
4 4
8 16
9 5
7 13
17 1
0 12
14 3
10 1
12 7
17 3
8 12
8 14
0 8
15 15
13 17
14 7
14 9
1 7
7 8
12 16
2 17
13 10
9 12
0 17
2 5
5 12
13 2
8 11
10 8
12 12
9 3
3 8
9 1
7 14
3 2
11 12
3 17
9 6
5 7
7 0
3 11
0 7
17 8
9 14
