13 127 2696
000001010000
100001010000
100001010000
100001010000
100000010000
100000010000
100000000000
100000000000
100000000000
100000000000
100000000000
100000000000
100000000000
0000000000000
0000000000000
0000000000000
0000000000000
0000000000000
0000000000000
0000000000000
0000000000000
0000000000000
0000000000000
0000000000000
0000000000000
9 1
1 12
10 2
2 5
8 1
11 12
3 10
10 12
2 2
2 9
6 9
11 7
7 2
6 6
1 7
0 3
10 0
2 10
7 4
9 12
8 10
11 6
7 11
1 5
6 10
10 1
10 7
10 8
3 8
7 12
1 3
8 2
0 5
1 9
1 0
6 1
11 3
7 9
11 11
6 7
2 3
0 11
1 8
5 4
0 10
8 0
5 12
12 6
4 8
8 11
12 2
10 10
11 0
2 0
9 9
9 2
5 1
6 0
10 3
3 0
5 9
8 8
6 4
9 4
9 10
5 2
0 9
8 6
0 6
12 8
2 1
10 4
4 6
6 2
9 0
11 4
0 0
12 0
0 4
2 12
7 1
7 10
9 3
8 12
4 2
8 5
0 12
11 9
1 1
10 6
7 7
12 10
3 1
7 5
12 12
4 4
12 5
5 8
12 3
4 12
6 12
7 6
2 8
9 11
3 6
11 5
9 6
4 9
5 11
5 10
7 3
4 3
12 9
11 1
3 4
1 2
9 8
1 10
0 2
1 11
4 0
3 2
6 5
10 9
2 6
4 7
5 0
