17 115 3759
0000100000000000
0000100000000000
1000100000000000
1000100000000000
1000100000000000
1000100000000000
1000101000000100
1000101000000100
1000101000000100
1000101000000100
1000100000000100
1000000000000000
0000000000000000
0000001000000000
0000001000000000
0000001000000000
0000000010000000
00000000000000000
00000000000111111
00000000000000000
00000000000000000
00000000000001111
00000000000000000
00000000000000000
00000000000000000
00000000000000000
00000011111111000
00000111111111100
11110000000000000
11110001111111111
00000000000000011
00000000011111111
00000000000000000
14 7
14 11
7 8
12 15
2 0
13 10
2 14
10 6
9 16
14 5
16 4
13 2
1 12
16 7
0 9
3 0
4 2
11 6
1 13
1 3
8 13
12 9
0 7
9 13
9 0
10 12
8 5
10 9
13 5
3 15
4 4
16 2
5 4
6 16
11 1
4 5
7 14
3 10
2 8
8 9
13 7
1 11
3 13
5 7
0 6
2 1
8 0
4 15
8 12
15 3
8 4
15 14
15 10
1 7
12 8
4 16
6 12
1 5
15 2
5 13
11 0
1 0
2 6
12 14
0 14
3 6
11 9
10 10
14 12
13 15
6 10
1 10
16 11
7 10
5 11
4 8
8 16
1 2
13 4
13 11
4 9
3 4
8 11
13 13
6 15
7 12
16 8
7 0
15 12
2 15
11 12
0 8
16 5
15 15
7 5
0 1
4 0
2 5
8 1
12 12
5 6
15 1
7 11
9 8
6 6
3 12
16 12
14 1
2 11
6 11
12 16
0 12
13 16
9 4
1 6
