14 37 1030
0000000000000
0000000000000
0000000000000
0000000000000
0000000000000
0000000000100
0000000000000
0000000000000
0000000000000
0000000000000
0000000000000
1000000000000
1000000000000
1000000000000
00000000000000
00000000000000
00000000000000
00000000000000
00000000000111
11111100000000
00000000000000
00000000000000
00000000000000
00001111111111
00000011111111
00000000000011
00000000000000
10 6
0 8
10 11
4 0
3 12
1 5
1 0
12 9
13 9
10 0
5 6
13 10
2 3
9 12
5 8
7 0
12 6
11 13
4 11
7 2
10 13
2 1
1 7
2 11
12 13
4 4
9 10
7 9
7 4
11 7
2 13
11 12
1 11
11 6
10 2
11 9
2 9
