20 159 3906
0000010000000000000
0000010000000000000
0000010000000000000
0000010000000000000
0000010000000000000
0000010000000000000
0000010000000000000
0000010000000000000
0000010000000000000
0000010000000000000
0000010000000000000
0000010000000000000
0010010000000000000
0010010000000000000
0010010000000100000
0010010000000100000
0010010000000100000
0010000000000100000
0010000000000100000
0010000000000000000
00000000000000000000
00000000000000000000
00000000000000000000
00000000000001111111
00000000000000000000
00000000000000000000
00000000000000000000
00000000000000000000
00000000000000000000
00000000000000000000
00000000000000000000
00000000000000000000
00000000000000000000
00000000000000000000
00000000000000000000
00000000000000000000
00000000000000000000
00000000000000000000
00000000000011111111
6 3
10 2
3 18
12 11
9 15
12 12
15 2
10 9
4 4
19 7
15 6
9 4
1 9
2 11
12 10
18 8
4 7
17 7
3 19
4 6
5 2
3 12
2 15
13 12
10 14
0 6
14 11
13 7
3 4
14 3
16 15
0 5
18 0
13 2
13 11
14 19
11 17
7 2
8 10
8 18
15 17
14 15
9 2
0 11
18 6
5 18
10 17
10 19
18 15
16 4
7 15
18 12
7 7
9 3
16 16
16 7
17 9
17 1
0 8
11 16
17 13
19 18
3 13
14 17
5 4
6 10
17 15
19 13
11 13
9 11
1 10
18 7
8 4
2 18
15 16
7 1
1 8
0 19
13 9
2 2
1 13
10 18
14 8
3 1
18 18
15 12
13 1
2 9
2 7
0 15
4 8
15 1
5 19
12 7
17 18
16 18
17 11
17 19
19 5
19 2
4 17
7 8
15 0
1 7
14 0
17 12
0 3
13 13
9 6
3 3
16 5
14 7
4 13
19 16
10 7
2 12
7 13
11 14
4 18
10 5
16 12
9 17
4 14
17 10
5 11
15 14
11 4
17 8
11 1
12 6
19 1
7 19
14 9
5 12
11 2
11 12
10 13
14 16
2 4
17 16
14 12
0 7
3 16
1 11
2 14
17 0
9 18
0 2
5 6
3 14
4 9
1 5
4 5
13 18
0 18
16 11
17 14
13 5
1 19
