19 63 1577
010100000000100110
010100000000100110
000100000000100110
000100000000100010
000100000000100010
000100000000100010
000100000000100010
000100000000100010
000100000000100010
000100000000100010
000100000000100000
000100000010100000
000100100110100000
000100100110100000
000000100110000000
000000110110000000
000000110110000000
000000110110000000
000000110110000000
0000000000000000000
0000000000000000000
0000000000000000000
0000000000000000000
0000000111111000000
0000000000000000000
0000000000000000000
0000000000000000000
0000000000000000000
0000000000000000000
0000110000000000000
0000000000000000000
0111000000000000000
0000000000000000000
0000000000000000000
0000000000000000000
0000000000000000000
0000000000000000000
5 5
15 12
1 10
17 0
9 11
1 9
15 3
18 9
16 0
3 2
14 2
9 2
7 14
5 8
0 4
12 12
2 1
11 7
2 15
3 6
1 14
9 8
16 13
13 14
1 18
5 9
18 16
12 2
8 10
17 16
10 15
12 7
6 10
4 4
6 1
7 17
7 6
8 15
9 3
15 9
9 9
6 6
6 17
3 14
0 15
12 5
5 3
1 2
15 5
17 14
15 11
2 14
3 15
3 18
9 7
6 3
18 6
13 9
11 16
8 13
8 18
17 2
4 9
