13 79 1067
000010000000
000010000000
000010000000
000010000000
000000000001
010000000001
010000001001
010000001001
010000001001
010000001001
000000001001
000000001001
000000001001
0000000000000
0000000000000
1000000000000
0000000000000
1111110000000
0000000000000
0001111110000
0000000000000
0000000000000
0000000000000
0000000000000
1111100000000
0 7
0 9
8 12
12 0
12 12
9 11
2 10
12 10
7 11
0 0
4 9
5 12
9 7
10 0
5 9
1 12
12 6
9 6
0 3
3 5
8 0
0 10
8 4
10 9
12 9
3 6
12 5
10 7
4 12
7 0
3 11
5 2
10 2
11 3
5 8
9 2
0 12
5 3
1 9
10 10
4 7
1 11
7 8
9 8
4 2
8 2
6 4
12 1
4 3
11 2
9 4
0 2
1 10
7 7
1 1
8 7
6 12
8 6
6 11
0 1
8 5
4 10
10 8
8 8
3 8
9 12
6 7
5 11
10 12
7 6
3 3
9 3
3 9
8 11
11 10
5 10
2 8
2 5
1 8
