18 287 10167
00000000010000100
00000000010000100
00000000010000100
00000000010000100
00000000011000100
00000000011000101
00000000010000001
00000000010000001
00000000010000000
00000000010000000
00000000010000000
00000000010000000
00000000000000000
00000000000000000
00000000000001000
00000000000000000
00000000000000000
00000000000000000
111111100000000000
000000000000000000
000000000000000000
000000000000000000
000000000000000000
000000000011100000
000000000000000000
000000000000000001
000000000000000000
000000000000000000
000000000000000000
000000000000000000
000000000000000000
001111111111111111
000000000000000000
000000000000000000
000000000000000111
17 6
10 9
9 3
8 16
3 14
17 17
1 14
8 4
4 16
15 1
10 12
1 16
12 8
3 12
5 4
10 0
0 15
8 6
3 15
13 0
6 12
13 13
12 16
5 1
9 5
5 6
12 3
10 17
0 8
14 6
10 16
0 0
17 2
14 8
2 2
10 4
12 4
1 12
11 11
3 16
4 3
14 9
7 5
9 12
5 8
2 5
0 2
3 2
0 17
14 12
15 12
4 8
9 14
11 16
4 2
6 2
6 5
8 15
12 2
2 17
15 4
8 0
17 10
9 9
3 11
10 5
1 1
6 11
15 15
1 15
9 6
12 7
14 16
11 13
16 16
15 5
6 4
12 9
2 3
13 10
11 4
14 15
16 12
7 15
10 10
2 4
3 4
1 8
5 3
4 5
0 11
13 12
13 15
9 15
17 11
16 5
15 6
1 17
13 7
9 11
11 5
0 12
9 8
5 9
9 13
9 4
16 11
2 11
11 15
0 14
15 9
10 13
8 7
8 14
2 8
3 8
1 4
12 0
0 16
16 1
10 15
13 5
13 8
11 1
16 0
17 12
3 10
8 17
7 13
13 17
12 10
5 7
4 7
17 3
4 9
9 17
4 6
4 14
1 13
10 7
13 16
9 2
2 16
0 1
16 15
10 2
6 0
6 14
2 12
14 5
17 13
11 17
4 4
9 1
10 14
8 13
15 3
11 6
4 15
7 16
11 10
7 6
16 4
1 7
3 7
6 17
13 4
12 15
13 11
0 7
2 10
0 6
16 13
5 0
6 10
7 7
15 7
1 6
3 17
14 4
1 9
8 5
13 14
14 7
7 2
11 9
13 6
5 14
16 6
16 7
1 3
9 0
8 12
5 13
17 9
4 13
15 14
0 9
12 14
7 0
11 2
4 1
7 14
6 7
12 12
14 2
14 11
0 13
5 2
4 12
7 17
5 10
16 3
6 6
15 13
17 8
17 7
5 15
16 14
11 14
3 3
7 4
1 11
15 17
11 12
15 10
9 10
6 13
3 1
5 17
6 9
13 3
4 10
2 1
14 3
17 5
13 9
16 2
15 8
8 2
9 16
2 15
5 16
4 0
15 11
10 6
16 17
1 0
2 0
1 10
15 0
7 8
12 11
7 12
13 1
6 16
12 13
1 2
11 0
8 1
0 5
6 15
0 10
11 8
10 8
3 9
5 5
15 16
2 14
8 8
10 1
15 2
16 9
14 17
7 10
13 2
10 11
4 17
6 3
17 1
14 1
17 14
12 1
3 6
17 15
11 7
16 10
