18 260 6668
00000000000000000
00000000000000000
00000000000000100
00000000000000000
00000000000000000
00010010000000000
00010010000000000
00010000000000000
00000000000000000
00000000000000000
00000000000000000
00000000000000000
00000000000000000
00000000000000000
00000000000000000
00000000000000000
00000000010000000
00000001010000010
111111000000000000
111111111111111100
000000000000000000
000000000000000000
111111111100000000
000000000000000000
000000000000000000
000000001111111111
000000000000000000
000000000000000000
000000001111111111
000000000000000000
000000000000000000
111111111111110000
000000000000000000
000000000000000000
000000000000000000
14 14
3 14
2 6
13 6
0 11
5 14
10 1
5 1
14 9
15 14
16 2
6 0
14 2
0 9
7 12
4 15
9 16
0 12
4 10
15 16
11 14
10 14
8 15
10 10
17 0
15 10
11 8
16 12
3 4
3 10
14 4
7 4
8 9
7 6
1 1
0 5
15 11
5 17
4 2
15 15
3 5
3 11
2 5
10 4
10 0
4 16
8 3
2 10
12 1
13 15
16 11
17 4
2 9
4 7
11 3
8 1
8 14
9 1
6 16
15 5
4 3
4 5
9 5
5 12
8 4
8 13
12 2
14 15
14 11
1 3
13 2
2 16
5 11
13 12
2 12
10 15
15 12
8 16
12 3
5 2
6 17
12 9
15 8
7 8
15 7
9 6
0 15
12 0
12 11
6 1
5 3
11 10
4 8
12 8
4 12
0 1
16 0
17 16
16 6
17 1
17 11
15 4
6 14
14 8
15 1
3 2
13 14
13 7
3 0
2 8
10 9
13 11
7 1
10 8
0 6
11 17
1 15
11 1
10 7
4 17
6 9
15 0
11 12
8 10
5 6
12 17
9 3
14 17
4 0
4 11
16 13
14 0
1 13
7 17
12 10
7 3
13 9
13 8
13 16
2 14
2 13
17 17
6 4
5 0
3 17
7 7
11 13
5 10
1 9
11 9
2 7
17 15
8 7
10 11
16 7
16 15
3 7
11 11
17 5
12 13
9 2
2 1
2 2
1 10
6 8
10 13
4 1
14 5
1 2
7 2
9 7
8 5
8 12
10 3
9 12
3 6
17 13
8 0
15 9
12 6
3 12
4 6
15 6
6 12
1 12
13 4
8 11
3 1
11 0
7 9
16 3
11 5
9 11
5 16
4 13
5 4
11 4
2 3
11 6
2 0
17 2
1 7
10 6
7 13
7 0
16 5
2 17
14 1
12 5
6 2
13 3
9 10
3 15
12 16
0 13
9 14
14 7
8 17
7 11
13 0
0 10
4 14
0 2
5 9
6 3
11 2
17 12
8 2
3 8
3 3
14 10
13 17
10 5
7 5
0 16
8 8
6 5
7 16
16 9
7 10
5 7
5 8
14 16
17 14
13 10
15 2
9 9
0 17
0 8
0 0
6 6
17 7
13 13
5 5
16 14
2 4
17 9
15 3
12 7
14 3
