16 179 5046
000010000100000
000010000100000
000010000100000
000010000100000
000010000100000
000010000100000
000010000100000
000010000000000
000010100000000
000010100000000
000000100000000
000000000000000
000000010000000
000000010000000
000000010000000
000000010000000
0000000000000000
0000000000000000
1110000000000000
0000000000000000
0000000000000000
0000000000000000
0000000000000011
0000000000000000
0000000000000000
0000000000000000
0000001111111111
0000000000000000
0000000000000000
0000111100000000
0000000000000000
13 0
9 9
2 3
7 5
0 3
6 5
8 8
5 8
4 9
4 15
1 9
4 8
13 9
10 4
10 9
15 15
14 5
0 13
5 3
2 7
2 12
12 15
0 12
5 12
4 4
14 12
7 3
12 10
3 6
2 1
12 11
11 2
15 7
7 6
4 11
14 2
11 14
11 7
3 4
5 11
5 14
14 15
3 0
4 2
9 0
11 5
0 10
10 3
6 8
3 12
8 0
3 7
9 13
0 1
2 8
9 10
7 13
15 2
6 13
3 15
2 0
11 1
11 12
10 7
8 1
2 9
6 11
1 7
15 4
3 8
1 14
9 5
15 5
8 2
2 2
4 3
7 10
3 14
6 3
10 15
9 12
13 14
11 4
10 10
15 0
11 6
12 2
15 11
6 6
8 6
2 5
13 6
4 7
9 6
14 1
1 5
12 6
14 10
8 14
6 10
8 4
11 0
0 5
7 1
0 9
3 10
10 6
9 11
15 3
10 12
12 4
5 5
12 0
13 4
7 4
0 15
2 6
6 4
2 13
4 14
9 2
2 15
0 0
15 6
14 11
5 7
5 2
13 12
13 8
10 8
7 9
15 10
10 5
9 15
4 13
7 15
6 1
3 2
10 14
3 1
1 4
3 13
1 2
0 14
4 10
13 10
4 6
12 12
12 7
14 0
15 14
15 1
14 6
5 6
12 1
14 7
1 0
8 11
1 10
6 2
14 3
14 13
10 13
5 15
5 1
1 12
4 0
12 14
12 3
1 13
13 11
1 15
5 10
6 14
2 10
7 12
7 2
4 1
9 14
