18 166 3407
00000000000000000
00000000000000000
00000000000000000
00000000000000000
00000000000000000
00000000000000000
00000000000000000
00000000000000000
00001000000000000
00000000000000000
00000000000000000
00000000000000000
00000000000000000
00000000000000000
00000000000000000
00000000000000000
00000000000000000
00000000000000000
000000000000000000
000000000000000000
000000000000000000
000000000000000000
000000000000000000
000000000000000000
000000000000000000
111111111111110000
000000000000000000
000000000000000000
000000000000000000
000000000000000000
000000000000000000
000000000000000000
000000000000000000
000000000000000000
000000000000000000
3 14
10 13
17 8
9 8
14 12
3 16
8 2
15 0
11 6
0 9
0 3
12 5
11 4
13 0
8 9
6 17
2 11
1 2
1 16
1 17
15 10
8 12
1 0
16 6
8 13
7 10
17 3
5 6
10 12
11 9
0 8
4 8
2 12
8 14
4 6
3 17
13 16
2 7
7 13
11 8
10 9
9 15
11 5
6 4
12 9
15 3
6 11
16 1
11 12
3 11
0 17
0 2
2 8
8 10
14 3
10 1
16 7
13 6
14 16
8 11
7 17
1 15
3 2
5 4
4 1
9 9
16 3
8 1
6 9
14 13
7 14
7 0
16 2
15 4
2 13
9 11
17 7
14 5
17 16
8 6
13 3
4 12
9 2
4 15
3 15
0 7
6 2
8 3
15 12
13 2
5 5
10 6
6 13
6 5
1 12
5 10
14 15
16 0
14 0
7 11
6 14
10 17
9 1
2 6
13 5
7 16
15 6
14 10
0 16
14 14
8 16
3 12
5 16
3 4
7 9
14 8
1 13
1 5
1 9
0 0
12 17
15 7
6 12
4 7
1 11
2 4
6 0
7 7
4 2
5 12
5 15
5 8
17 9
13 13
3 5
6 7
14 9
17 11
6 1
15 13
2 17
12 13
3 13
6 3
8 15
11 10
0 4
17 1
3 0
17 15
5 14
10 16
13 15
14 2
17 4
15 9
10 3
0 14
2 5
16 15
1 7
6 16
10 10
1 8
11 13
0 15
