14 89 1874
0000000101100
0000000101100
0000000001100
0000000000100
0000000000000
0000000000000
0000000000000
0000000000000
0000000000000
0000000000000
0000000000000
0000000001000
0000000001000
0000000001000
00000000000000
00000000000000
00000000000000
00000000000000
00000000000000
00000000000000
00000000000000
00001111111111
00000000000000
00000000000000
00000000000000
00000000000000
11111110000000
9 2
0 2
8 6
0 8
1 1
8 8
3 2
7 9
0 4
2 4
11 8
13 10
5 12
6 6
3 9
10 8
12 1
13 11
11 2
0 3
8 13
12 7
7 6
1 8
5 6
13 0
7 10
3 10
10 1
2 12
9 4
7 7
11 5
2 11
3 4
3 7
9 12
9 11
2 9
10 4
2 6
1 5
0 6
12 8
11 1
4 1
12 11
2 5
9 8
7 3
1 10
0 10
10 6
4 0
1 6
1 4
10 12
4 10
1 3
3 6
12 2
11 13
7 4
5 5
13 13
1 12
1 9
3 0
0 7
8 9
7 8
3 13
12 5
11 3
9 7
13 2
10 0
11 6
8 5
0 11
13 7
8 1
4 11
13 1
13 9
9 1
0 1
12 12
9 13
