15 218 3991
10001001000000
10001001000000
10001000000000
10001000000010
10001000000010
10001000000010
10001000000000
10001000000000
10001000000000
10001000000000
10001000000000
10001000000000
00001000000000
00000100000000
00000100100000
000000000000000
000000000000000
000000001111111
000000000000000
000010000000000
000000000000000
000000000000000
000000000000000
000000000000001
000000000000000
000000000000000
000000000000000
000000101111111
000000000000000
12 5
14 11
10 9
4 0
12 6
6 3
3 8
11 4
3 9
3 14
10 4
1 11
6 6
3 0
13 13
7 5
5 5
5 3
4 10
4 7
9 6
1 12
2 10
4 8
10 7
6 1
9 2
14 4
7 10
8 8
6 8
6 5
12 14
2 12
7 7
9 12
14 13
5 14
14 6
2 1
2 9
9 4
2 0
8 1
0 3
12 4
6 7
10 0
13 14
10 12
3 3
8 0
7 3
4 9
12 7
12 8
6 10
0 1
11 6
13 0
14 5
11 2
9 9
10 11
10 1
2 3
12 2
14 0
0 2
11 7
4 13
14 8
5 4
5 10
3 10
4 4
10 10
11 14
2 5
7 6
4 3
14 2
0 11
7 11
14 1
10 6
0 7
5 8
1 0
14 12
11 0
13 9
13 7
0 9
4 1
14 10
8 12
1 13
14 7
13 11
12 0
2 2
13 12
4 6
5 7
1 1
9 1
11 1
13 8
7 4
3 5
5 9
2 11
7 2
1 2
8 14
1 6
6 11
5 13
2 8
4 12
0 0
3 12
13 3
5 11
5 12
11 5
13 1
3 11
5 0
8 4
7 8
13 6
12 10
1 5
6 13
9 11
11 10
10 2
13 10
11 13
8 7
8 3
12 13
1 7
9 13
4 14
10 13
8 10
7 1
8 6
13 4
9 3
3 7
12 11
10 5
9 14
2 13
1 8
9 8
6 9
13 2
3 2
12 3
9 0
8 13
0 6
5 6
1 9
3 4
5 1
2 14
11 3
11 9
6 2
0 14
8 9
8 11
0 10
9 10
2 6
11 12
14 3
12 9
10 3
0 5
7 13
0 4
6 4
1 3
2 7
7 9
14 14
1 10
4 5
0 13
6 14
9 7
8 2
11 11
7 14
9 5
10 8
5 2
2 4
12 1
1 14
11 8
13 5
7 0
3 1
6 12
0 12
8 5
14 9
12 12
3 13
3 6
