18 85 1831
00000010000001000
00000010000001000
00000010000001000
00000010000001000
00000010000001000
00000010000001000
00000010000001000
00000010000001000
00000010000001000
00000010000001000
00000010000001000
00000000000000000
00000000000000000
00000000000000100
00000000000000100
00000000000000100
00000000000000100
00000000000000100
000000000000000000
000000000000000000
000000000000000000
000000000000000000
000000000000000000
000000000000000000
000000000000000000
000000000000000000
000000000000000000
000000000000000000
000000000000000000
000000000000000000
000000000000000000
000000000000000000
000000000000000000
000000000000000000
111111111111100000
3 11
16 13
4 0
7 13
8 13
14 17
7 9
3 17
11 16
15 11
2 7
15 16
15 15
5 1
9 6
17 12
13 8
16 15
8 15
16 12
2 10
8 17
0 11
3 8
17 17
5 15
13 6
16 2
13 4
2 15
10 13
5 2
0 5
4 16
1 9
14 0
6 14
4 7
9 11
15 13
13 9
2 9
13 16
5 14
15 3
15 10
5 11
1 16
11 10
14 10
1 1
1 8
13 1
17 2
8 6
17 15
15 6
9 2
0 13
10 7
2 3
14 5
7 15
12 13
13 17
13 13
16 10
16 6
3 1
0 12
10 6
6 16
13 3
4 3
11 7
9 14
10 15
16 17
1 13
2 8
17 8
6 11
15 5
10 9
4 9
