16 35 767
000000000010001
000000000000000
000000010000000
000000010000000
000000010000000
000000010000000
000000010000000
000000000000000
000000000000000
000000000000100
000000000000100
000000000000100
000000000000010
000000000000010
100000000000010
100000000000010
0000000000000000
0011111111111111
1111111000000000
0000000000000000
0000000000000000
1000000000000000
0000000000000000
1111111111100000
0000000000001111
0000000000000000
1111111111000000
0000000000000000
0000000000000000
0000000000000001
0000000000000000
7 3
15 12
6 9
1 11
15 2
4 12
6 10
1 8
5 0
0 0
6 14
11 1
2 11
2 6
7 14
11 12
14 15
8 15
2 14
0 10
10 7
5 15
9 4
11 8
13 15
0 6
9 10
5 8
15 5
15 11
9 8
2 13
8 1
14 10
5 5
