14 53 729
1000001000010
1000001000010
1000000000010
1000000000000
1000000000000
1010000000000
1010000000000
1010000000000
1000000001000
1000000001000
1000100001000
1000100001000
0000100001000
0000100001000
00000000011100
00000010000010
00000000000000
00000000000000
00000011111111
00000000000000
00000000000000
01100000000000
01111000000000
00000000000000
00000000000000
00000011110000
00000000000000
10 13
4 1
7 10
2 3
2 5
9 13
0 3
3 8
13 10
6 9
10 8
9 1
6 6
0 1
11 6
1 0
8 9
9 9
4 8
11 2
12 6
10 7
6 2
7 9
11 9
10 12
6 10
0 6
0 2
11 11
6 11
5 9
4 11
10 1
12 13
4 2
6 8
3 9
3 6
10 5
1 6
7 0
1 4
5 6
12 4
10 10
3 4
9 7
10 9
7 2
4 13
1 12
5 0
