16 83 2497
000010000000000
000010000000000
000010000000000
000010000000000
000010000000000
000010000000000
000010000000000
000010000000000
000011000000000
000011000000000
000011000000000
000010000000000
000010000000000
000000000000000
000000000000000
000000001000000
0000011000000000
0000000000000000
0000000000000000
0000000000000000
0000000000000000
0000000001111111
0000000000000000
0000000000000000
0000000000000000
0000000000000000
0000011110000000
0000011111110000
0000011000000000
1111110000000000
1111111100000000
6 14
14 6
10 9
5 12
1 13
5 3
9 7
2 15
3 1
8 7
9 6
5 2
1 7
10 0
1 11
2 3
15 14
4 8
3 11
14 11
13 11
9 11
2 1
11 2
14 4
11 6
1 6
4 14
7 15
4 12
3 2
2 13
2 12
14 0
6 11
6 6
5 1
2 5
8 1
13 3
10 7
13 8
1 1
3 10
14 9
10 4
10 6
2 4
9 0
8 9
12 11
12 6
3 15
15 0
4 10
10 11
7 7
8 8
15 5
4 6
6 8
7 6
12 14
0 1
15 13
1 10
4 11
10 8
10 3
3 0
6 9
12 4
9 3
8 5
4 1
13 7
15 12
15 7
5 13
11 3
0 7
13 12
8 6
