11 66 1046
0000000010
0000000010
0000000000
0000000000
0000000000
0000000000
0000000000
0000000000
0000000000
0000000000
0000000000
00000000000
00000000000
00000000000
11111100000
00000111111
00000000000
00000000000
00000000000
11111111110
00000000000
9 1
6 10
7 6
3 3
6 7
4 5
4 2
7 8
8 7
9 4
6 2
0 10
0 3
2 8
1 9
0 1
9 6
2 0
1 6
4 1
0 8
5 1
9 10
4 7
0 9
10 9
9 0
7 5
5 4
5 6
1 2
8 6
5 2
6 9
1 10
3 10
7 9
7 7
6 6
3 7
8 5
3 2
4 8
0 4
10 7
4 0
10 6
3 5
10 2
4 4
0 0
7 3
8 1
3 0
0 2
6 4
2 3
8 3
7 2
10 3
3 8
1 0
3 6
6 3
8 8
5 5
