16 100 3479
100000000001010
100000000001010
100000000101010
100000000101010
100000001101010
100000001101010
000000001101010
000000001101010
000000000001010
000000010001010
100000010001010
100000010001010
101000010001010
101100010001010
101100010101000
101100010100000
0000000000000001
0000000000000000
0000000000000000
0000000000000000
0000000000000000
0000000000000000
0000000000000000
1111111111100000
0000000000000000
0000000000000000
0001111100000000
0000000000000000
0000000000000000
0000000000000000
0000000000001110
10 7
11 8
9 9
13 12
15 15
6 14
7 4
1 10
4 14
12 5
6 15
10 0
14 12
6 13
4 5
15 0
2 2
2 8
6 3
0 11
15 13
15 10
1 7
2 12
12 4
3 11
15 14
0 15
3 1
1 6
9 13
11 2
14 2
13 1
5 8
11 9
14 4
5 11
14 5
4 10
4 9
7 8
0 14
9 8
5 4
9 15
2 15
15 11
3 12
11 5
2 6
3 6
8 7
7 5
4 8
4 1
2 13
15 5
14 13
7 0
6 1
14 1
1 13
10 5
5 14
2 0
1 3
8 0
12 8
8 14
15 6
3 5
9 2
8 4
1 11
9 7
13 8
13 7
10 11
12 13
5 12
8 1
9 14
0 8
12 7
7 7
13 14
15 7
9 6
1 9
11 10
9 3
12 11
11 15
1 2
6 2
3 9
6 10
2 9
14 14
