20 101 1883
0000000000000000000
0000000000000000000
0000000000000000000
0000000000000000000
0000000000000000000
0000000000000000000
0000000000000000000
0000000000000000000
0000000000000000000
0000000000000000000
0000000000000000000
0000000000000000000
0000000000000000000
0000000000000000000
0000000000000000000
0000000000000000000
0000000000000000000
0000000000000000000
0000000000000000000
0000000000000000000
00000000000000000000
00000000000000000000
00000000000000000000
00000000000000000000
00000000000000000000
00000000000000000000
00000000000000000000
00000000000000000000
00000000000000000000
00000000000000000000
00000000000000000000
00000000000000000000
00000000000000000000
00000000000000000000
00000000000000000000
00000000000000000000
00000000000000000000
00000000000000000000
00000011111111111111
5 0
0 16
19 10
12 12
1 0
9 7
5 8
11 12
8 9
12 14
11 8
15 5
11 1
0 19
12 9
1 8
2 2
4 12
13 11
12 13
5 18
7 15
4 15
8 7
9 2
15 7
11 16
16 17
9 3
10 0
10 11
8 12
0 6
10 4
4 2
2 13
10 14
8 11
12 11
9 6
3 18
0 17
5 1
6 1
8 3
14 4
17 7
10 16
12 18
4 6
11 17
6 5
5 2
8 4
1 15
8 18
3 12
11 11
1 17
5 15
6 12
19 2
15 15
14 10
10 3
11 5
4 10
3 13
7 8
12 1
13 18
2 16
2 9
4 19
19 6
11 13
17 2
19 0
8 13
18 0
17 16
17 0
7 16
1 13
9 5
16 13
3 2
4 11
3 15
10 10
7 7
9 4
19 13
9 17
17 12
12 7
8 0
11 7
5 12
6 0
13 3
