15 212 3483
00100000000001
00100000000001
00100000000001
00100000000001
00100000000001
00100000000001
00100000000001
00100000000000
00100000000000
00110000000011
00110100000011
00110100000011
00110100000000
00010100000000
00010100000000
000000000000000
000000000000000
000000000000000
001000000000000
000000000000000
100000000000000
000110000000110
000000000000000
000000011111111
000000000000000
000000111110000
000000000000000
000000000000000
000000000000000
4 14
12 7
6 9
11 6
1 6
5 13
9 10
14 11
8 8
4 7
13 6
7 7
4 9
2 10
10 13
13 3
1 5
13 0
0 0
2 6
8 6
8 12
8 11
6 8
11 8
12 6
1 7
3 5
2 14
7 8
0 14
5 2
3 10
13 14
14 10
9 8
7 6
2 5
5 8
2 8
12 11
7 5
3 1
4 5
2 2
1 10
6 6
4 10
10 2
9 12
11 4
9 9
0 5
0 1
10 1
12 0
0 9
8 2
5 6
6 0
14 7
0 7
3 11
11 9
6 1
4 4
3 2
1 3
2 1
9 7
12 13
4 3
5 10
11 7
7 14
13 12
12 4
1 14
9 3
12 8
8 5
3 7
1 8
5 0
14 5
0 10
5 1
3 3
6 4
6 12
11 11
8 7
4 8
13 5
12 10
12 14
6 2
11 1
1 9
1 1
3 6
6 11
7 1
14 14
3 12
5 12
1 2
12 9
14 8
2 4
9 2
3 4
5 11
0 6
14 12
6 13
4 1
11 0
13 9
10 10
3 8
7 2
6 10
10 4
13 4
13 10
10 14
0 4
12 5
10 3
6 5
5 7
0 13
5 4
10 7
9 13
2 0
4 11
1 4
12 1
7 13
3 9
5 3
13 1
5 9
5 14
0 2
1 13
13 13
7 10
7 3
0 8
9 1
0 11
9 14
2 7
7 0
6 3
8 10
9 11
7 4
12 2
13 2
1 12
9 4
9 5
14 3
14 2
13 7
4 6
11 5
13 8
7 9
13 11
14 6
14 9
1 0
12 3
9 6
0 12
11 10
1 11
7 11
8 0
2 13
10 6
10 0
6 7
14 13
10 11
4 2
11 12
10 12
6 14
8 9
14 1
5 5
10 9
8 14
2 9
3 13
4 0
3 14
2 3
11 2
2 11
10 8
8 3
9 0
3 0
11 3
8 4
