15 181 3799
00000000000000
00000000000000
00000000000100
00000000000100
00000000000100
00000000000100
10000000000100
10000000000100
10000000000100
00000000000100
00000000000100
00000000000100
00000000000100
00000000000100
00000000000100
000000000000000
000000000000000
001111111111000
000000000000000
000000000000000
000000000000000
000000000000000
000000000000000
111111111000000
000000000000000
000000000000000
000000000000000
000000000000000
111111000000000
1 6
9 8
11 3
10 8
4 7
0 11
9 14
10 5
9 10
12 10
8 10
5 3
7 5
9 11
12 14
6 2
5 1
0 6
1 8
13 9
2 9
3 10
10 4
1 13
5 0
7 9
12 13
7 10
14 8
9 4
11 12
2 0
13 1
6 8
13 7
13 4
2 8
4 6
14 1
0 1
14 0
6 11
14 2
0 12
8 1
8 4
2 14
8 6
5 11
5 4
7 8
10 13
6 10
6 1
10 3
4 11
10 12
8 14
11 5
7 14
11 9
6 4
10 1
11 4
8 7
9 7
14 4
9 12
10 11
11 10
3 1
10 9
7 6
1 12
2 5
8 0
13 10
14 12
9 2
13 14
8 5
7 0
6 14
14 9
3 7
8 2
10 10
5 13
8 11
2 4
11 2
5 8
10 7
0 3
7 2
14 14
6 0
4 9
0 10
13 11
2 10
4 8
9 0
6 13
12 3
8 3
10 14
6 9
5 5
1 14
2 12
0 5
12 12
12 7
11 7
4 13
1 0
0 8
11 1
9 13
13 3
7 7
3 13
3 9
10 2
2 6
9 1
1 11
2 1
9 6
3 6
5 6
14 10
8 13
3 5
9 9
2 13
1 10
5 7
3 4
11 0
0 4
13 6
13 2
6 12
10 0
2 3
5 9
3 12
4 12
2 2
12 1
1 5
4 14
13 5
0 14
11 8
9 5
4 5
14 6
14 5
11 14
11 11
12 4
3 14
5 2
3 3
6 6
13 13
4 10
0 9
14 11
7 13
2 7
3 0
5 10
0 0
6 5
14 3
13 0
1 1
