20 289 14333
0000000000000101110
0000000000000101110
1000000000000101110
1000000000000101110
0000000000000101110
0000000000000101110
0000000100000100110
0000000000000100110
0000000000010100110
0000000000010100110
0000000000011100100
0000000000011100000
0000000000011100000
0000000000011100000
0000000000011100000
0000000000011101000
0000000000011101000
0000000000011101000
0000000000011001000
0000000000011001000
11111111111110000000
00000000000000000000
00000000000000000000
11000000000000000010
00000000000000000000
11111111111100000000
00000000000000000000
00000000000000000000
00000000000000000000
00000000000000000000
11111111111000000000
00000000000000000000
00000000000000000000
00011111111100000000
00000000000000000000
00000000000000000000
00001111111100000000
00000000000000000000
00000000000000000000
14 2
16 19
9 3
15 6
14 13
16 4
12 0
9 2
0 8
14 17
13 14
19 7
1 12
0 9
10 16
3 12
7 4
2 15
2 8
9 12
3 7
10 6
7 2
1 14
11 5
10 3
13 5
6 19
14 9
7 13
6 9
9 19
1 16
2 6
2 7
13 11
9 4
7 18
15 13
0 1
18 13
1 17
7 0
13 3
3 2
1 18
8 3
12 18
0 12
3 8
2 3
6 15
5 1
12 7
7 19
13 13
13 2
5 12
13 12
8 4
12 6
1 7
5 6
6 1
12 12
11 9
8 18
10 8
11 3
15 4
13 15
10 4
6 7
5 10
6 0
3 1
18 6
6 10
3 14
17 13
11 2
4 4
9 5
1 13
0 14
12 16
15 3
10 13
11 11
8 2
15 9
6 12
2 5
11 6
13 0
0 19
16 6
5 0
13 18
17 10
18 2
11 10
7 15
14 10
6 6
14 16
3 4
7 17
9 15
12 4
17 3
18 15
9 18
19 19
16 7
4 8
16 15
19 14
0 5
17 8
6 17
13 16
13 19
17 19
11 1
1 2
18 8
4 1
13 6
14 6
17 2
19 5
14 14
18 4
17 6
5 13
1 5
12 8
11 12
9 6
5 3
4 14
16 3
16 14
6 16
12 14
8 1
0 11
17 18
4 18
10 1
10 14
15 0
1 0
14 3
9 1
1 15
19 13
3 13
17 9
19 9
13 4
2 2
11 14
8 0
10 15
12 15
8 13
3 0
3 3
12 1
12 9
19 11
19 3
2 11
4 6
14 15
2 9
4 3
13 17
1 8
19 4
9 0
1 9
15 2
0 4
16 12
9 8
3 6
3 11
12 3
11 19
6 11
8 17
10 18
15 10
7 14
12 2
2 0
13 8
19 17
7 10
6 2
9 16
16 10
0 0
10 7
17 14
0 7
16 5
2 1
4 2
18 10
2 16
4 19
18 7
11 18
1 1
11 8
13 7
8 6
12 13
10 0
16 13
11 4
12 10
15 19
0 13
12 11
0 2
11 13
15 5
17 1
11 7
3 16
13 9
9 11
4 7
7 16
5 7
18 0
10 5
3 18
18 14
17 12
18 11
6 18
19 10
5 14
14 8
7 11
17 15
0 17
10 11
1 3
14 1
16 1
8 12
14 5
14 7
17 16
10 19
3 9
3 19
5 2
14 11
4 15
3 10
2 10
7 8
18 17
18 9
19 0
9 17
9 13
14 18
4 12
8 16
4 16
5 19
8 8
4 11
2 14
5 17
14 4
1 19
8 15
2 18
9 9
