20 217 9352
0001000000000000000
0001000000000000000
0001000000000000000
0001000000000000000
0001000000000100000
0101000000000100000
0101000000000100000
0101000000000100000
0101000000000100000
0101000000000100000
0101000000000100000
0101000000000100000
0101000000000100000
0101000000100100000
0101000000100100000
0101000000100100000
0101000000100000000
0101000000100000000
0100000000100000000
0100000000100000000
00000000000000000000
00000000000011111111
00000000000000000000
00000000000000000000
00000000000000000000
00000000000000000000
00000000000000000000
00000000000000000000
00000000000000000000
00000000000000000000
00000000000000000000
00000000000000000000
00000000000000000000
00000000000000000111
00000000000000000000
00000000000011111111
00000000000000000000
00000000000000000000
00000000000111111011
3 10
15 13
7 1
12 7
0 14
5 8
19 11
2 0
10 2
10 1
6 6
19 15
3 14
1 2
11 14
15 8
9 13
12 15
8 3
10 16
13 19
12 4
19 1
12 18
17 15
11 7
11 0
6 4
12 14
1 15
15 0
17 16
5 0
11 4
10 9
3 8
10 0
8 10
7 9
9 5
4 7
8 7
10 15
10 8
1 3
10 3
7 13
12 13
2 1
13 14
17 8
4 10
10 4
4 13
5 4
2 7
3 11
8 6
11 17
4 9
11 12
14 16
13 1
4 6
0 18
11 11
13 16
9 4
6 18
8 11
11 3
6 16
17 2
10 17
5 12
19 9
18 16
13 12
18 18
10 7
18 10
17 10
0 4
4 4
13 6
1 13
11 8
7 3
16 2
10 10
9 14
1 5
5 10
0 6
0 3
10 11
17 12
9 2
11 9
17 1
17 7
15 16
14 18
19 16
8 12
18 9
15 5
16 12
5 13
17 14
12 0
8 4
13 13
13 15
11 6
19 19
8 15
16 3
13 7
7 8
15 7
4 19
6 2
0 19
13 0
11 13
3 19
5 19
13 5
2 9
3 13
7 6
17 17
9 17
16 9
14 10
19 3
8 17
3 7
7 0
10 5
8 8
17 0
6 3
6 0
7 4
14 19
1 7
9 15
18 3
3 6
8 9
19 12
16 14
19 5
4 18
1 8
12 6
15 4
0 15
6 13
17 18
7 12
17 6
14 15
15 3
18 14
0 2
16 1
11 5
13 2
2 16
18 0
10 18
1 10
8 14
8 19
14 2
8 0
15 1
17 3
10 14
8 13
14 5
14 12
3 1
19 17
5 15
10 12
12 12
5 18
15 18
13 3
11 16
9 10
12 16
17 9
3 12
15 11
15 15
2 2
18 1
16 5
8 5
18 13
9 19
1 0
2 3
8 18
5 6
5 16
13 9
8 1
11 18
17 11
16 10
14 11
