14 141 3249
0000001000000
0000000000000
0000000000000
0001000000010
0001010000010
0001000000010
0001000001010
0000000001010
0000000001010
0000000001000
0000000001000
0000000000000
0000000000000
0000000000000
00000000000000
00000000000000
00111111111111
00000011111100
00000000000000
00000000000000
00000000000000
00000000000000
00000000000000
00111111110000
11111111111000
11111111000111
00000000000000
2 5
5 10
0 7
8 13
9 3
4 9
7 12
7 2
1 2
4 1
2 7
2 0
12 13
5 5
10 11
11 8
7 7
4 8
0 1
1 0
13 8
11 4
8 11
7 5
5 9
3 3
1 12
13 2
9 5
10 9
5 2
11 9
13 0
11 12
8 10
7 1
7 6
12 8
6 4
4 12
3 6
5 0
2 8
11 7
11 1
2 9
3 13
9 9
8 3
12 11
8 1
4 2
10 0
13 1
13 11
2 6
6 9
10 5
6 3
6 8
5 4
12 10
4 3
8 7
3 5
3 0
5 3
5 8
13 12
11 13
8 6
7 8
3 2
13 5
7 3
11 3
0 4
7 9
3 9
11 11
11 10
11 5
12 6
7 4
9 13
3 7
11 2
12 12
0 9
2 12
0 6
8 0
9 2
9 1
4 6
7 10
12 3
9 10
2 11
3 8
0 13
12 4
11 6
3 4
13 10
12 5
8 8
13 3
2 13
8 4
9 4
9 8
3 11
6 7
6 6
6 0
1 1
3 10
6 13
1 9
12 2
10 13
9 11
8 2
5 1
12 0
1 11
1 10
10 4
0 11
1 3
1 4
1 13
1 8
0 5
0 0
5 6
9 7
8 12
5 11
2 3
