15 215 5566
10110000001000
10100000001000
10100000001000
11100000001000
11110000000000
11111000000000
11111000000000
11111000000000
11111000000000
11111000000000
01111000000000
01010000000000
01010000000000
01010000000000
01010010000000
000000000000000
000000111110000
000000000010000
000000001110000
000011111111100
000000000000000
000000001111111
000000000000000
000000000000000
000000000000000
000001110000000
000000000000000
000000000000000
000000000000000
0 14
13 8
2 11
2 8
7 12
2 5
5 5
14 3
12 0
12 1
6 1
13 7
3 13
10 10
5 7
14 4
11 11
4 14
1 6
2 12
2 7
2 4
5 10
0 1
6 2
10 9
1 0
12 13
4 7
0 4
12 7
7 7
11 3
14 1
0 2
13 1
7 8
0 10
5 1
1 1
8 3
1 10
9 14
13 0
0 13
8 9
0 11
9 4
10 8
6 10
2 1
8 8
4 0
1 12
7 1
0 7
11 7
4 3
8 4
14 9
14 5
6 14
10 3
5 2
8 6
8 13
7 13
3 0
12 9
13 14
7 3
11 8
0 3
3 14
10 6
12 8
9 10
1 11
9 12
4 5
9 9
0 5
4 12
2 10
7 2
13 10
6 5
11 9
10 4
13 5
12 5
6 6
8 11
1 3
8 2
12 14
3 10
12 3
1 8
3 5
3 7
10 2
5 0
2 13
12 10
2 14
10 12
9 1
14 12
14 13
11 13
7 11
6 11
7 5
0 9
13 2
3 12
0 12
14 14
5 3
10 0
0 0
4 9
9 13
12 6
3 3
5 8
6 12
5 14
10 14
1 4
1 13
7 0
7 9
10 1
6 0
9 6
4 11
11 1
14 6
14 0
2 6
4 4
11 0
13 12
8 5
1 9
8 12
6 7
11 14
5 4
8 0
3 8
14 11
1 5
1 7
4 13
4 2
8 7
13 4
2 3
6 8
0 6
10 13
11 5
2 0
14 7
9 2
8 10
7 6
10 7
4 6
11 12
14 8
8 1
13 3
6 3
5 11
13 6
7 14
2 9
12 12
14 10
14 2
11 2
9 11
0 8
12 2
11 4
1 2
2 2
5 9
13 9
7 10
6 9
3 2
13 13
9 0
4 10
6 13
5 13
3 4
12 11
8 14
13 11
10 11
6 4
4 8
4 1
10 5
5 6
5 12
9 5
9 8
3 1
