13 142 2143
000000001000
000000001000
000000001000
000000001000
000000001000
000000001000
000000001000
000000000000
000000000000
000000000000
000000000000
000000000000
000000000000
0000000000000
0000000000000
0000000000000
0000000000000
0000000000000
0000000000000
0000000000000
0000000000000
0000000000011
0000000000000
1111100000000
1100000000000
7 6
5 11
9 1
6 3
11 11
12 5
3 3
7 5
2 11
6 7
9 8
7 4
1 2
11 1
6 9
6 11
8 8
9 0
8 1
0 9
7 7
3 9
11 9
9 11
5 7
12 12
6 2
7 3
11 3
10 5
11 5
7 9
11 7
2 8
10 11
4 8
0 6
2 7
10 10
9 9
4 10
6 8
12 6
3 8
2 9
0 10
6 4
1 1
4 7
11 4
8 3
11 8
6 10
9 7
12 9
8 2
12 10
9 2
1 10
4 2
3 6
1 12
10 9
10 12
0 4
6 6
0 2
7 0
2 4
3 0
5 9
6 12
10 3
11 2
12 2
9 3
10 0
9 5
2 10
2 2
5 5
1 9
12 1
8 10
8 12
9 12
5 4
7 2
4 6
7 10
3 12
3 2
6 0
2 5
11 10
3 5
8 6
12 7
1 11
8 5
2 3
7 8
10 2
8 4
5 10
0 5
1 3
2 0
9 4
2 1
4 4
12 11
0 1
3 1
0 11
0 0
4 0
5 0
8 7
0 12
5 1
6 1
3 11
8 0
7 11
1 4
11 0
5 12
3 4
10 8
6 5
12 8
10 4
4 9
5 2
1 8
5 8
8 11
0 3
10 1
7 12
0 8
