19 201 3986
000000000000000000
000000000000000000
000000000000000000
000000000000000001
000000000000000001
000000000000000001
000000000000000001
000000000000000001
000000000000000001
000000000000000001
000000000000000001
000000000000000001
000000000000000001
000000000000000001
000000000000000001
000000000000000001
000000000000000001
000000000000000001
000000000000000001
0000000000000000000
0000000000000000000
0000000000000000000
0000000000000000000
0000000000000000000
0000000000000000000
0000000000000000000
0000000000000000000
0000000000000000000
0000000000000000000
0000000000000000000
0000000000000000000
0000000000000000000
0000000000000000000
0000000000000000000
0000000000000000000
0000000000000000000
0000000000000000000
11 7
17 10
12 17
3 1
15 10
4 11
12 7
12 6
17 11
10 13
16 17
15 14
8 18
10 4
9 10
7 16
17 14
2 14
12 0
0 16
16 7
15 8
11 2
3 13
9 1
15 7
12 14
13 2
14 16
10 7
9 16
14 1
15 13
5 15
16 3
6 13
8 5
14 0
2 4
8 3
5 16
3 15
11 16
9 3
13 5
17 8
10 2
2 2
4 13
8 6
13 3
7 13
6 14
2 18
0 11
14 11
12 15
1 4
2 5
14 18
18 1
2 10
18 2
9 8
2 11
9 6
2 9
17 18
14 12
18 3
17 15
1 3
10 14
5 13
16 8
10 6
16 14
4 17
15 16
8 9
8 4
13 15
16 0
1 14
7 6
15 18
18 4
16 10
2 15
2 12
5 4
2 1
15 17
4 0
1 6
15 3
0 17
6 18
7 18
3 18
1 11
18 7
3 6
17 3
18 6
3 10
8 14
13 13
8 10
5 0
10 18
4 6
14 6
3 7
6 10
4 16
9 12
9 5
0 7
4 9
5 18
11 3
4 4
0 10
0 15
3 16
10 3
13 17
9 11
9 2
5 14
16 6
8 1
4 7
11 14
6 3
2 8
12 4
2 0
2 16
17 7
10 11
5 17
3 9
0 5
0 13
7 4
17 16
18 15
8 13
16 18
11 10
4 15
7 9
10 17
7 12
6 5
1 10
18 17
8 16
1 2
12 10
17 12
8 15
14 8
15 2
1 1
1 15
9 18
6 17
1 13
13 10
7 0
18 13
11 5
1 0
11 15
18 14
0 3
9 13
18 18
18 16
16 4
13 11
13 14
5 6
6 9
2 7
16 5
6 15
15 15
1 17
13 12
8 0
0 12
9 15
1 18
6 4
10 0
5 3
17 13
