14 57 868
0000000000000
0000000000000
0000000000000
0000000000000
0000000000000
0000000000000
0000000000000
0000000000000
0000000000000
0000000000000
0000000000000
0000000000000
0000000000000
0000000000000
00000000000000
00000000000000
00000000000000
00000000000000
00000000000000
00000000000000
00000000000000
00000000000000
00000000000000
00000000000000
00000000000000
00000000000000
00000000000000
4 1
2 10
11 2
1 12
0 12
11 9
11 11
4 4
8 13
3 0
1 11
0 9
8 12
2 8
7 3
1 5
5 2
2 5
9 2
8 1
8 5
0 2
0 8
9 4
7 8
9 9
8 4
2 0
10 2
1 6
3 5
12 5
13 10
1 4
1 0
5 7
10 12
9 12
7 4
12 1
0 4
9 7
8 0
8 8
3 11
12 11
10 13
1 7
11 8
3 6
13 13
4 3
7 6
0 3
13 9
9 1
0 0
