16 34 687
000000000000000
000000000000000
000000000000000
000000000000000
000000000000000
000000000000000
000000000000000
000000000000000
000000000000000
000000000000000
000000000000000
000000000000000
000000000000000
000000000000000
000000000000000
000000000000000
0000000000000000
0000000000000000
0000000000000000
0000000000000000
0000000000000000
0000000000000000
0000000000000000
0000000000000000
0000000000000000
0000000000000000
0000000000000000
0000000000000000
0000000000000000
0000000000000000
0000000000000000
12 2
6 5
11 15
12 14
7 4
8 0
14 11
2 4
15 0
2 14
2 8
6 14
3 6
15 12
0 12
10 4
15 15
10 2
7 11
0 2
1 15
7 5
8 2
1 6
4 12
7 1
11 8
2 9
12 9
4 1
4 6
7 7
3 3
3 7
