14 47 520
0000100000100
0000100000100
0000000000000
0000000000000
0000000000000
0000000001000
0000000001000
0000000001000
0000000001000
0000000001000
0000000001000
0000000001000
0001000001000
0011000000000
00000000000000
11110000000000
00000000000000
00000000000000
00000000000000
00000000000000
00000000000000
00000000000000
11111100010000
00000000000000
00000000000000
00000000000000
00000001111111
0 1
10 10
9 10
2 12
9 11
9 6
2 9
6 3
0 13
7 5
1 5
4 0
5 3
5 4
13 1
13 5
7 13
7 1
6 12
8 7
11 3
4 7
10 7
3 6
11 12
5 0
4 2
7 2
4 3
3 2
0 12
4 11
2 2
5 10
3 12
6 4
8 10
11 2
5 13
5 5
10 9
5 1
7 0
1 10
7 6
1 6
12 10
