20 64 1427
0000001000000000000
0000100000000000000
0100100000000000000
0100000000000000000
0100000000000000000
0100000000000000000
0100000000000010000
0100000000000010001
0100000000000010001
0100000000000010001
0000000000000000001
0001000000000000001
0001000000000000001
0001000000000000001
0001000001000000001
0001000000000000000
0000000000000000000
0000000000000000000
0000000000000000000
0000000000000000000
11111000000000000000
00000000000000000000
00000000000000000000
00000000000000000000
00000111111111111111
00000000000111111111
00000000000000010000
00000000000000000000
00000000000000000000
11111000000000100000
00000000000000000000
11111110000000000000
00000000000000000000
00000000000000000000
00000111111111111111
00000000000000000000
11111100000000000000
11111111111111111100
00000000000000001111
9 14
13 8
17 18
15 2
2 3
12 1
11 5
3 6
13 2
15 1
10 0
16 3
10 10
15 13
17 6
2 0
5 19
16 0
17 9
9 6
2 19
18 7
4 2
12 15
0 1
8 13
6 14
13 19
15 3
9 5
8 6
17 3
19 15
1 14
17 7
12 4
3 1
6 2
13 11
17 1
16 15
1 7
6 8
2 14
16 8
2 11
1 2
0 18
10 5
6 7
4 1
5 15
11 11
3 15
19 7
0 15
6 15
10 11
6 9
3 2
2 2
8 8
7 0
19 19
