12 60 809
00000000000
00000000000
00000000000
00000000000
00000000000
00000000000
00000000000
00000000000
00000000000
00000000000
00000000000
00000000000
000000000000
000000000000
000000000000
000000000000
000000000000
000000000000
000000000000
000000000000
000000000000
000000000000
000000000000
7 9
10 0
8 10
8 0
5 10
7 11
10 1
11 5
2 2
7 0
1 6
0 7
2 10
10 2
8 11
9 10
9 3
4 1
4 8
4 9
5 11
0 0
7 5
7 8
5 0
6 7
3 2
1 9
11 2
10 3
8 9
6 6
0 1
0 8
0 4
11 8
6 8
1 3
2 3
2 11
1 7
8 3
0 3
7 3
11 9
8 1
8 5
11 4
4 2
5 9
0 9
10 8
10 6
9 1
5 3
4 3
8 6
6 3
7 7
4 11
