16 142 4656
000100100000000
000100000100000
000101000100000
000101000100000
000101000100100
000101000100100
000101000100100
000101000100100
000101000100100
000101000000100
000101000000100
000101000000100
000101000000100
000001000000100
000001000000100
000001000000100
0000000111000000
0000000000000000
0000000000000000
0000000000000000
0000000000000000
0000000000000000
0000000000000000
0000000000000000
0000000000000000
0000000000000000
0000000000000000
0000000000000000
0000000000000000
0000000000000000
0000000001111000
8 0
10 14
5 6
10 5
12 3
2 5
15 12
5 13
6 0
10 7
10 3
0 15
13 1
13 11
11 5
5 1
11 6
12 0
5 11
1 7
12 7
10 15
8 13
15 10
2 13
13 7
4 6
0 1
1 2
3 0
7 9
12 14
3 9
4 2
6 13
7 8
2 1
0 14
12 13
13 8
5 3
8 12
7 2
14 7
6 1
3 13
5 0
4 11
9 6
8 6
14 1
6 2
11 2
8 7
1 9
1 1
9 14
2 10
10 12
15 0
1 3
10 6
2 3
14 4
8 5
8 10
3 11
12 9
14 9
14 8
13 6
1 6
13 5
2 9
3 15
5 8
9 13
2 4
5 7
1 4
4 12
0 13
1 5
3 1
0 7
9 2
14 15
12 8
15 7
7 12
11 0
7 13
3 6
3 3
11 4
9 5
9 12
7 11
7 6
15 11
0 5
12 2
12 1
4 10
2 14
11 14
3 5
1 14
0 6
3 8
0 12
11 12
8 14
8 2
5 12
14 12
11 11
7 15
13 9
15 9
15 13
6 4
10 1
2 7
0 10
1 11
4 3
8 4
3 12
7 1
10 8
6 5
5 14
2 8
7 14
1 8
15 8
3 2
11 15
10 9
2 6
4 4
