16 98 2442
000000000000000
000000000000001
000000000000001
000000000100001
000000000100001
000000000100001
000000000100001
000000000100001
000000000100001
000000000100001
000000000100001
000000000000000
000000000000000
000000000000000
000000000000000
000000000000000
0000000000000000
0000000000000000
0000000000000000
0000000000000000
0000000000000000
0000000000000000
0000000000000000
0000000000000000
0000000000000000
0000000000000000
0000000000111111
0000000000000000
0000000001111111
0000000000000000
0000000000000000
7 7
12 13
0 7
8 4
2 12
14 1
1 4
15 7
12 2
3 14
11 7
10 14
15 1
6 11
0 9
6 14
10 1
1 11
7 13
8 3
7 12
13 12
3 5
3 11
8 12
4 15
10 12
13 3
13 15
8 5
2 15
2 4
8 15
4 7
10 5
7 5
6 4
8 0
8 11
7 3
9 0
14 13
14 2
15 15
11 14
5 7
2 13
6 10
3 2
0 11
0 12
15 10
15 14
2 5
13 0
5 1
6 13
11 3
12 0
0 13
9 12
6 6
2 2
11 11
3 9
0 10
8 13
9 3
15 0
8 6
4 0
1 13
13 1
4 11
10 11
3 6
14 7
14 6
15 3
12 9
3 8
0 4
10 2
14 15
10 7
5 10
3 0
12 5
8 7
2 3
5 11
11 4
5 9
5 8
9 7
7 15
6 15
1 14
