17 114 1691
0010000000000001
0010000000000001
0010000000000001
0010000000000001
0010000000000001
0010000000000001
0010000000000001
0010000000000001
0010000000000001
0010000000000000
0000000000001000
0000000000001000
0000000000001000
0000000000001000
0000000000001000
0000001000001000
0000001000001000
00000000000000000
00000000000000000
00000000000000000
00000000000000000
00000000000000000
00000000000000000
00010000000000000
00000000000000000
00000000000000000
00000000000000000
00000000000000000
00000000000000000
00000000000000111
00000000000000000
00000000000000000
00000000000000000
6 5
6 14
11 4
5 16
15 16
10 13
14 11
13 6
7 12
7 11
9 11
2 3
3 6
15 0
9 16
11 0
7 8
0 14
0 6
2 13
13 15
8 11
16 9
7 3
4 11
12 14
9 15
10 1
8 2
12 11
5 2
12 16
15 7
5 7
11 3
11 9
8 5
4 5
5 15
11 1
4 14
13 14
16 10
11 12
3 12
4 2
16 4
12 9
16 1
9 13
14 15
16 11
10 7
16 14
3 8
14 1
1 4
12 6
5 6
2 2
16 12
13 1
0 5
0 2
4 4
11 7
0 10
4 7
2 7
0 3
6 3
10 4
1 16
12 3
4 12
0 11
1 3
13 0
9 5
15 5
11 10
14 0
16 16
7 4
7 7
4 10
11 5
15 9
10 9
6 2
10 6
7 9
14 5
10 3
8 4
3 7
4 3
13 7
1 12
4 9
0 13
2 5
8 12
14 7
7 10
12 4
16 7
5 12
10 0
5 3
11 2
11 14
13 11
11 8
