17 55 1632
0000000000000000
0100010000000000
0100010000000000
0100000000000000
0100000000000000
0100000000000010
0101000000000010
0001000000000010
0001000000000010
0001000000000010
0001000000000000
0000000000000000
0001000000000100
0001000000000100
0001000001000100
0000000000000100
0000000000000000
11111111111110000
00000100000000000
00000000000000000
00000000000000000
00000000000000011
00000000000000000
00000000000000000
00000000000000000
00000000000000000
00000000000000000
11111111110000000
00000000111111111
00000000000000000
00000000000000000
11111111111110000
00000000000000000
7 11
8 11
16 9
7 16
7 1
11 14
0 5
5 12
7 2
13 7
5 0
14 5
16 12
11 7
8 2
16 6
0 14
14 15
11 12
1 9
5 5
16 5
16 15
1 11
11 5
4 1
9 0
12 13
10 14
14 16
12 11
14 9
1 2
11 3
2 8
3 15
10 8
15 12
11 6
16 10
2 6
12 7
12 5
10 1
16 13
0 0
0 16
3 1
15 14
8 13
11 0
10 2
14 3
9 6
3 7
