14 151 6864
0000000000010
0000000000010
0000000000000
0000000000000
0000000000000
0000000000000
0000000000000
0000000000010
0000000000010
0000000000010
0000000000000
0000000000000
0000000000000
0000000000000
00000000000000
00000000000000
00000000111111
11111111111000
00111111111111
00000000011111
00000111111111
00000000000000
00000000000000
11111111100100
11011111111111
11111000000000
00000000000000
4 4
5 12
0 7
0 0
9 4
9 3
8 11
3 9
7 6
10 4
11 12
13 5
7 2
3 7
11 8
13 10
13 13
10 1
8 3
12 12
10 13
1 11
11 6
13 9
6 13
6 7
7 8
1 4
13 8
3 12
5 4
1 3
5 1
5 7
7 9
0 2
12 2
1 1
13 4
1 7
3 11
9 13
6 8
0 11
12 3
5 2
5 11
7 7
11 4
11 3
0 5
3 5
10 11
10 5
0 3
5 3
9 8
4 9
2 2
9 1
8 9
8 7
7 10
0 12
8 4
12 1
7 3
9 9
12 5
1 13
5 6
0 1
2 3
6 4
3 3
11 10
4 3
12 8
6 11
2 9
12 9
4 7
8 0
4 11
0 9
10 6
3 13
2 11
10 8
6 12
4 5
6 9
10 10
6 3
12 7
10 3
2 13
4 10
11 11
8 12
11 5
3 2
11 2
3 10
5 9
0 13
8 8
5 13
13 7
3 1
4 1
12 6
1 8
7 4
5 5
8 5
7 13
1 0
10 0
0 4
8 13
0 8
5 8
10 7
13 2
2 0
8 2
12 0
12 11
7 12
2 1
8 6
4 6
13 12
6 2
13 3
8 10
6 1
3 0
5 10
1 9
5 0
9 7
13 11
3 8
9 5
2 10
12 13
4 2
2 8
10 12
