17 252 5134
0000000000000001
0000000000000001
0000000000000001
0000000000000001
0000000000000001
0000000000000001
0000000000000001
0000000000000001
0000000000000001
0000000000010001
0000000000010001
0000000000010001
0000001000010001
0000001000010001
0000001000010000
0000000000010000
0000000000000000
00000000000000000
00000000000000000
00000000000000000
00000000000000000
11111111000000000
00000000000000000
00000000000000000
00000000000000000
11111111111111100
00000000000000000
00000000000000000
11111111111000000
00000000000000000
00000000000000000
00000000000000000
00000000000000000
15 1
7 14
1 11
1 16
6 4
14 1
11 8
12 11
8 13
6 10
16 5
8 7
4 15
13 7
2 12
10 10
5 4
4 8
11 10
4 12
5 6
13 11
14 9
8 16
6 11
7 1
7 6
4 4
1 6
8 6
11 2
11 14
6 15
0 11
5 8
12 1
11 11
7 3
0 13
14 12
9 15
5 13
11 3
0 15
7 8
15 8
3 4
3 15
11 9
1 5
15 3
8 9
2 13
5 9
3 3
15 0
16 16
15 2
14 8
13 3
15 10
10 3
2 2
7 10
7 7
14 2
7 11
14 4
0 12
1 14
10 2
11 7
11 16
0 8
8 3
1 8
10 7
0 2
16 4
8 10
7 5
16 13
11 0
1 1
16 9
15 4
0 16
16 12
3 14
8 5
7 16
13 1
6 7
16 3
9 9
12 9
0 9
5 16
6 2
7 9
4 13
8 15
10 15
5 11
2 1
13 5
8 8
2 16
2 10
5 10
9 16
14 7
5 12
3 10
3 6
14 10
4 7
16 6
10 16
5 14
2 0
14 3
12 10
13 9
16 2
9 6
13 14
2 15
5 7
4 11
5 5
13 12
4 0
3 7
11 15
9 7
4 9
1 4
7 0
16 0
13 2
12 13
15 16
1 9
1 13
8 14
5 15
3 8
16 1
4 6
0 6
8 11
7 12
12 0
2 3
9 13
6 3
3 2
6 5
0 5
0 4
2 14
14 15
0 3
1 10
11 5
8 2
12 14
4 16
15 11
6 9
6 6
16 15
0 10
14 5
7 13
3 0
10 4
6 12
4 10
1 2
2 4
9 11
5 3
10 9
4 1
12 2
15 5
15 14
9 8
0 0
13 15
15 7
16 10
16 11
13 4
3 9
7 4
8 4
15 15
12 3
10 6
2 7
9 2
7 2
11 4
1 15
14 13
4 3
9 14
8 12
14 16
14 14
9 0
16 7
3 13
15 13
14 11
10 11
13 16
6 8
5 1
11 13
9 5
16 8
5 0
15 6
15 9
6 16
13 0
10 5
14 0
13 10
12 7
0 7
9 4
3 12
5 2
9 3
3 1
12 15
2 5
10 1
12 8
6 1
9 10
7 15
11 6
10 12
0 14
1 0
8 1
