20 98 3482
1010000000000000000
1010000000000000000
1010000000000000000
1000000000000000000
1000000000000000000
1000000000000000000
1000000000000000000
1000000000000000000
0000000000000000000
0000000000000000000
0000000001100010000
0000000001100010000
0000000001000010000
0000000001000010000
0000000001000000000
0000000000000000000
0000000000000000000
0000000000000000000
0000100000000000000
0000000000000000000
00000000000000000000
00011111100000000000
00000000000000000011
00000000000000000000
00000000000000000000
00000000000000000000
00000000000000000000
00000000000000000000
00000000000000000000
11111111111111100000
00000000000000000000
00000000000000000000
00000000000011100000
00000000000000000000
11111111100000000000
00000000000000011111
00000000000000000000
00000000000001111111
11111111111111111000
3 9
6 3
2 16
15 2
3 8
10 11
6 5
2 3
14 16
7 19
19 17
11 16
5 6
8 7
0 14
5 17
12 5
10 6
14 17
9 10
10 10
15 15
15 3
12 16
5 15
10 15
0 3
16 4
16 12
17 2
13 11
12 4
0 6
17 0
4 6
1 3
11 5
1 4
19 11
13 5
5 0
2 18
14 11
12 0
12 7
4 14
19 19
12 17
18 18
2 17
5 4
15 17
4 17
1 14
7 10
14 8
16 16
2 11
7 1
18 5
16 2
2 10
9 0
2 8
16 3
11 15
5 19
0 19
18 8
2 6
18 16
9 12
6 11
15 6
0 11
13 7
19 9
19 0
6 12
16 7
3 1
11 4
18 17
14 6
17 17
4 8
17 1
0 4
8 5
14 12
13 2
11 3
6 9
16 18
10 14
1 15
19 10
10 0
