14 126 1980
0000010000000
0000000000000
0000000000000
0000000000000
0000000000000
0000000000000
0000000000000
0000000000000
0000000000000
0000000000000
0000000000000
0000000000000
0000000000000
0000100000000
00000000000000
00000000000000
00000000000000
00000000000000
00000000000000
00000000000000
00000000000000
00000000000000
00000000000000
00000000000000
11111111000000
11111111111000
00000011111111
1 2
1 0
2 7
1 7
0 10
5 3
13 4
11 4
4 13
6 1
2 12
1 1
6 7
6 13
4 10
5 2
1 10
3 13
10 8
11 7
5 0
4 2
7 2
3 1
7 8
0 6
7 0
8 6
5 10
3 2
10 11
5 12
7 11
11 0
0 12
13 11
2 3
2 13
2 1
0 0
3 5
4 4
1 9
13 13
2 11
1 4
3 10
11 13
5 4
9 7
0 2
0 9
3 8
13 5
2 2
9 2
13 10
2 4
7 10
4 8
5 5
12 4
1 3
1 5
11 8
3 12
7 12
3 11
4 1
13 3
7 6
10 10
12 9
12 13
10 6
13 8
13 9
13 7
9 4
9 3
10 4
0 7
12 1
0 11
6 0
10 0
2 6
5 1
2 0
3 3
12 11
4 12
1 13
3 6
4 5
10 9
1 12
5 11
4 0
5 6
8 2
5 13
12 6
5 9
8 10
12 12
0 8
8 13
9 1
11 5
10 1
8 11
8 0
7 5
11 6
6 9
8 8
8 7
10 2
0 3
12 5
6 5
2 9
6 10
4 6
13 6
