18 61 1488
00010001011001001
00010001011000001
00010000011000001
00000000011000001
00000000011000001
00000000011000001
00000000011000001
00000000011000001
00000000011000001
00001000001000001
00001000001000001
00001000001000001
01001000001000000
01101000001000000
01101000000000000
01101000000000000
01101000000000000
01101000000000000
100000000000000000
000000000000000000
000011111000000000
111110000000000000
000000000000000000
111111000000000000
000000000000000000
000011111100000000
000000000000000000
000000000000000000
000000000000000000
000000000000000000
000000000001111000
000000000000111111
000000000000000000
000000000000000000
000000000000000000
14 13
2 13
10 13
15 3
12 15
10 2
3 15
1 3
14 7
7 14
12 2
7 2
1 10
4 9
9 4
17 7
0 8
0 3
3 1
3 3
11 13
16 9
10 6
8 12
12 10
4 17
8 11
4 13
8 13
1 0
12 17
14 0
0 11
11 12
8 7
11 4
4 5
7 5
13 3
3 13
5 3
10 11
14 10
0 14
14 1
5 6
6 12
16 1
2 6
10 7
15 9
15 8
11 14
3 14
7 12
13 10
15 10
0 15
6 2
7 13
3 7
