16 114 2100
000000000010000
000000000010000
000000000000000
000000000000000
000000000000100
000001000000101
000001000000101
000001000000101
000001000000101
000001001000000
000001000000000
000001000100010
000001000100110
000001000100110
000001000100110
000001000100110
1110000000000000
0000000000000000
0000000000000000
0000000000000000
0000000000000000
0000000000000000
0000000000000000
0111111110000000
0000000111111111
1000000000000000
0000000000000000
0000000000000000
0000000000000000
0000000000000000
0000000000100000
13 10
15 9
6 9
6 12
2 11
12 12
11 1
4 15
12 3
7 8
10 9
1 7
2 13
15 6
1 9
3 6
3 13
8 4
9 11
14 11
11 15
14 1
0 10
0 1
0 8
6 14
14 14
11 12
6 7
5 3
5 4
9 8
9 7
9 5
7 0
13 7
6 10
14 13
3 9
10 5
11 0
12 2
2 8
15 15
0 14
3 10
0 6
7 14
3 12
4 0
0 13
12 5
13 13
15 13
13 4
1 10
2 4
10 3
9 6
12 6
9 1
4 4
8 5
14 9
5 0
13 14
4 2
10 4
6 15
7 15
15 4
15 7
5 9
13 5
11 5
15 0
15 3
14 8
12 10
11 7
11 14
15 12
8 0
1 12
10 8
5 15
8 8
2 3
1 5
1 4
3 0
7 13
14 12
10 12
14 5
12 13
2 5
1 6
6 3
9 0
14 3
4 6
5 14
4 13
6 6
3 11
12 0
11 3
0 2
9 13
7 7
10 7
4 1
2 14
