20 356 8933
0010000010000000000
0010000010000000000
0010000010000000000
0010000000000000000
0011010000000000000
0011010000000000000
0011000000000000000
0011000100000000000
0011000100000000000
0010000100000000000
0010000100000000000
0000000100000000000
0000000100000000000
0000000100000000000
0000000100000010000
0000000100000000000
0000000100000001000
0000000100000001000
0000000100000001000
0000100100000001000
00000000000000000000
00000000000000011111
00000000000000000000
00011111100000000000
00000000000000000000
00000000000000000000
00000000000000000000
00000000000000000000
01100000000000000000
00000000000000000000
00000000000000011111
11111100000000000000
00000000000000000000
00000000000000000000
00000000111111110000
00000000000000000000
11111110000000000001
00000000000000000000
00000000000000000000
17 16
18 0
0 0
5 18
3 10
13 14
13 10
12 12
18 13
12 2
19 2
17 8
6 17
4 14
8 13
3 0
3 14
12 5
14 7
8 11
18 11
14 8
10 7
18 1
17 5
14 15
18 9
14 19
2 5
4 10
1 0
18 14
11 14
9 1
14 2
4 16
1 10
16 9
19 4
8 5
7 9
15 18
1 11
11 18
2 8
6 9
10 1
13 4
17 12
8 17
11 4
10 12
0 17
10 2
4 15
19 1
10 16
15 19
5 6
12 16
13 3
16 14
17 11
7 3
19 18
13 18
8 8
18 17
3 1
2 11
19 3
15 8
7 10
10 14
18 18
2 2
3 7
19 13
10 8
1 16
16 19
11 9
18 19
7 15
17 7
2 10
14 0
16 10
0 5
7 1
19 14
2 4
13 16
17 10
7 6
3 18
17 15
15 1
7 7
18 4
3 9
19 17
6 4
18 2
7 4
0 4
8 14
17 14
8 16
2 0
16 1
0 1
0 10
7 8
2 1
8 3
16 17
0 18
3 11
2 3
14 13
2 6
4 11
2 14
18 8
9 10
10 5
5 12
12 15
1 12
4 12
16 8
5 10
14 12
11 7
6 12
9 9
1 14
12 3
7 16
16 6
12 7
4 2
19 8
2 7
4 3
12 11
0 6
12 13
13 11
5 4
12 4
19 6
3 5
1 6
3 15
13 5
7 2
11 3
0 16
16 11
18 10
16 18
6 1
4 5
8 9
1 9
17 1
17 19
19 0
2 12
12 10
6 7
14 4
9 16
11 13
0 15
19 9
16 13
15 2
6 18
8 12
13 12
3 3
2 18
1 7
0 7
15 17
11 17
3 6
14 3
11 19
15 13
12 8
10 6
18 16
16 12
6 8
13 15
8 7
7 11
8 1
17 3
9 12
9 0
1 2
18 15
1 19
10 19
1 3
5 0
5 14
17 17
15 4
1 18
7 13
3 2
17 0
4 18
11 0
15 10
0 2
13 13
2 19
3 13
0 14
0 9
16 0
15 12
16 2
6 19
19 19
0 13
9 14
16 3
19 12
9 3
2 13
11 11
8 2
6 11
10 15
9 13
5 3
6 16
11 5
14 10
4 6
13 1
5 9
16 4
7 5
15 5
8 18
17 2
10 11
0 19
9 11
11 16
2 17
4 0
6 0
5 2
9 5
5 11
10 10
0 12
10 13
2 9
12 14
7 18
14 17
3 8
14 11
14 1
7 0
5 5
10 9
7 12
9 8
9 17
11 8
3 17
11 15
14 6
12 0
5 13
3 16
2 15
8 6
18 6
8 19
8 0
6 13
6 5
15 6
12 18
14 9
13 9
12 9
13 8
18 5
1 17
8 4
8 10
11 1
4 13
14 18
10 3
0 3
18 12
13 0
5 1
6 14
10 17
10 4
15 3
15 0
9 6
3 4
1 1
5 15
4 9
9 18
3 19
4 17
6 10
12 17
7 17
6 2
9 4
9 19
19 15
6 15
14 16
10 0
15 16
19 16
11 10
7 19
18 7
15 11
14 5
16 16
9 7
9 2
0 8
16 7
17 4
0 11
5 19
19 11
1 15
13 2
11 2
19 5
