15 99 3162
00000000000000
10000000000000
01000000000000
01000010000011
01000010000011
01000010000011
01000010000011
01000010000011
01000010000011
01000010000011
01000000000011
00000000000001
00000000000001
00000000000000
00000000000000
111000000000000
001111111111110
000111111111111
000000000000000
000000000000000
000000000000000
000000000000000
000000000000000
000000011000000
000000000000000
111111111000000
111111111000000
111111111111100
000000000000001
14 11
13 3
12 13
8 9
10 2
14 5
0 12
1 4
6 4
2 4
2 9
12 11
4 2
14 1
11 3
10 8
0 8
9 4
14 14
13 1
14 7
3 14
13 8
1 12
9 5
0 0
10 11
7 12
1 1
1 5
2 3
6 1
1 7
11 14
12 12
3 12
3 13
8 0
1 13
7 14
0 14
8 3
5 8
14 6
0 6
6 5
14 0
11 9
5 14
12 4
8 1
11 5
6 2
3 0
3 6
1 2
3 2
2 10
9 8
8 14
7 9
9 6
7 5
14 10
11 8
1 3
12 6
8 4
3 7
9 0
14 9
8 12
5 2
10 13
7 11
7 4
12 8
4 8
1 9
14 4
10 9
14 2
8 6
0 5
0 7
0 9
9 9
13 2
3 8
11 2
8 5
14 13
8 2
7 8
13 0
11 0
2 5
11 12
10 0
