14 29 864
0000000100000
0000000100000
0000000100000
0001010100000
0001010110000
0001010110000
0001010010000
1001010010000
1001011010000
1001011010000
1001011010000
1011011010000
1011011010000
1011011010000
00000000000001
00000000000000
00000000000000
00000000000111
00000000000000
00000000000000
00000000000111
00000000000000
01000000000000
00000000000000
00000000000000
00000000000000
00000000000000
3 10
0 0
6 5
5 3
13 4
10 6
12 4
9 10
13 2
3 9
6 4
0 3
1 13
13 11
6 11
11 13
9 4
13 5
5 9
9 9
7 4
4 11
4 1
2 12
12 11
13 8
2 8
4 9
5 0
