14 45 690
1100000000000
1100000000000
1100000000000
0100000000000
0100000000000
0100000000000
0100000000000
0100000000000
0100000000000
0100000000000
0100000000100
0100000000100
0100000000100
0000000000100
00000000000000
00000000001111
00000000000000
00000000000000
00000000000000
00000111111111
00000000000000
00000000000000
00000000000000
01000000000000
00111000000000
00000000000001
00000000000000
12 9
6 7
5 9
11 2
4 2
10 12
2 11
8 7
4 5
8 1
10 7
12 8
7 8
9 5
0 7
10 3
7 13
11 9
13 8
7 12
2 7
0 1
0 3
1 7
3 9
10 13
9 12
8 9
7 5
9 9
10 1
11 0
8 5
7 1
1 13
7 7
3 12
10 9
12 13
5 3
6 4
13 2
4 7
9 3
11 1
