12 142 3098
00011000000
00011001000
00011001000
00011001000
00011001001
00010001001
00011001000
00011000000
00011000000
00001000000
00001000000
00001001000
000001111000
000000000000
000000000000
000000000000
000000000000
000000000011
000000000000
000000000000
000000000000
000000000000
000000000000
9 1
6 0
2 0
9 7
2 10
1 7
1 5
1 0
0 0
2 6
9 10
2 11
9 6
1 4
1 8
7 3
6 3
2 7
11 11
4 6
5 2
0 6
4 11
0 2
8 10
3 8
11 10
6 2
4 8
9 4
7 4
10 9
4 10
10 4
4 7
5 7
5 10
6 10
11 8
11 0
0 11
8 11
4 5
5 0
7 9
5 8
4 9
5 1
1 2
11 3
0 10
3 7
10 2
1 9
3 11
7 0
6 5
0 8
6 1
8 7
9 0
0 4
2 3
11 6
1 6
10 10
7 5
3 6
8 3
1 3
10 6
6 11
10 11
8 8
8 1
4 4
1 10
7 1
0 7
8 5
4 0
2 4
8 9
3 5
6 4
2 8
4 1
9 2
7 2
3 2
9 11
0 5
11 2
5 6
7 8
2 1
7 7
7 11
3 10
1 11
6 7
11 9
10 8
8 6
8 2
3 3
3 9
0 3
3 1
9 5
11 5
10 1
3 0
5 11
4 2
7 6
2 9
8 0
1 1
7 10
9 3
9 8
8 4
5 5
9 9
0 9
6 8
5 9
2 5
11 7
10 7
11 4
6 9
2 2
10 0
4 3
10 5
11 1
3 4
6 6
5 3
5 4
