17 228 11116
1000100000000000
1000100000000000
1000100000000000
1001100000001000
1001100000001000
0001100000001000
0001100000001000
0001100000001000
0011100000001000
0111100000001000
0101100000001000
0101100000001000
0101100000001000
0101000000001000
0101000000001000
0101000010001000
0101000010101000
00000110000000000
00000000000000000
00000000000000000
00000000000000000
00000000011110000
00000111100000011
00000000000000000
01110000000000000
00000000000000000
00000000000000000
00000000000000000
00000111111000000
00000000000000000
00000000000000000
00000000001110111
00000000000000000
5 3
2 2
2 3
7 15
15 13
13 10
9 9
4 10
16 5
12 14
13 7
1 1
3 5
2 4
10 11
4 4
7 7
14 5
15 5
8 16
12 13
14 16
13 0
3 6
6 14
9 2
11 16
1 3
14 15
16 1
13 9
6 6
3 11
2 9
5 0
0 0
8 0
15 15
5 16
11 7
0 1
16 3
2 7
5 4
12 15
7 0
5 15
5 5
3 8
4 16
6 12
12 4
13 3
5 12
1 4
14 12
14 7
14 1
13 1
6 7
2 0
0 15
4 15
6 5
8 3
9 3
2 13
16 4
12 1
10 15
10 10
13 4
12 0
10 14
7 13
1 14
5 9
0 13
10 1
7 8
11 15
0 5
14 13
11 9
6 15
11 4
2 14
3 3
0 10
3 16
15 9
15 7
8 13
5 1
1 10
3 15
5 11
7 14
9 4
13 11
5 10
3 0
13 8
1 2
14 9
8 10
8 15
2 15
12 10
13 6
4 0
16 14
14 14
15 3
10 4
3 10
9 15
1 8
16 12
12 8
1 5
7 16
3 2
4 8
4 3
9 16
9 10
1 15
8 5
6 0
1 9
10 9
15 1
13 12
7 6
15 10
12 12
14 0
10 13
6 8
4 6
7 12
6 3
2 6
4 13
2 5
6 1
0 11
13 15
0 3
14 4
15 14
10 2
0 7
15 6
14 2
15 16
12 5
11 6
8 6
0 12
15 8
10 6
8 1
8 14
9 0
2 1
4 1
6 16
6 11
4 11
8 8
11 2
0 14
11 0
4 5
8 11
10 12
3 13
8 12
11 12
0 8
5 13
8 2
8 4
4 7
7 4
6 9
16 13
12 16
16 16
11 14
14 6
2 11
12 3
12 7
16 15
4 9
5 6
2 10
4 14
3 1
16 2
15 4
10 16
5 8
3 14
6 13
1 11
16 8
11 8
13 13
14 8
12 2
9 7
14 10
1 12
1 13
2 12
11 3
15 11
14 3
15 12
16 6
11 13
5 14
11 1
13 14
